# Created by Octave 3.8.0, Sun Jan 08 12:08:14 2017 PST <ofuon001@Ochmandada.local>
# name: v
# type: matrix
# rows: 5
# columns: 1
 340
 343
 235
 252
 235


