[
  {
    "mu": [
      [
        "0.76739",
        "-0.6793",
        "0.016339",
        "0.28512",
        "-0.40171",
        "0.10543",
        "-0.75423",
        "-0.049747",
        "-0.74103",
        "-0.25816",
        "-0.50931",
        "-0.46326",
        "-0.551",
        "-0.48899",
        "-0.024993",
        "-0.072",
        "0.078805",
        "0.09121",
        "0.2397",
        "0.23966",
        "-0.40508",
        "0.062376",
        "0.19089",
        "0.12177",
        "0.3628",
        "-0.38065",
        "-0.20064",
        "-0.067855",
        "0.013022",
        "-0.017473",
        "0.0065428",
        "0.12481",
        "-0.029151",
        "-0.1578",
        "0.12785",
        "0.24279",
        "0.13308",
        "-0.049844",
        "0.14002"
      ],
      [
        "0.30734",
        "-0.88912",
        "0.165",
        "-0.020071",
        "-0.44471",
        "0.39059",
        "-0.61558",
        "-0.69202",
        "-0.20817",
        "0.56537",
        "-0.1038",
        "-0.15005",
        "-0.54549",
        "0.63729",
        "-0.016414",
        "0.079815",
        "-0.091997",
        "-0.18425",
        "-0.22081",
        "-0.37245",
        "0.49594",
        "-0.078409",
        "-0.19396",
        "-0.16983",
        "-0.43076",
        "0.49226",
        "0.31026",
        "0.088924",
        "-0.01798",
        "0.012631",
        "-0.092475",
        "-0.17307",
        "0.075655",
        "0.2283",
        "-0.14937",
        "-0.32785",
        "-0.21992",
        "0.090637",
        "-0.17319"
      ],
      [
        "-0.37619",
        "0.46969",
        "-0.10367",
        "-0.098202",
        "0.20245",
        "-0.023927",
        "0.35989",
        "0.14884",
        "0.29343",
        "-0.0051352",
        "0.10797",
        "0.20287",
        "0.30263",
        "-0.035461",
        "0.013983",
        "0.036109",
        "0.011425",
        "0.070004",
        "-0.029826",
        "0.04375",
        "0.0052429",
        "0.012568",
        "-0.015017",
        "0.05465",
        "-0.010353",
        "0.038912",
        "0.017896",
        "-0.044046",
        "0.015828",
        "-0.045325",
        "-0.013856",
        "0.0051114",
        "-0.00021922",
        "-0.0053956",
        "0.0025411",
        "-0.025373",
        "0.0028528",
        "-0.045847",
        "-0.01597"
      ],
      [
        "-0.13884",
        "-0.067674",
        "0.1154",
        "-0.077854",
        "0.15746",
        "0.00026401",
        "0.041309",
        "0.015406",
        "0.19853",
        "-0.14765",
        "0.25142",
        "-0.03179",
        "-0.0024265",
        "0.0079697",
        "0.020098",
        "-0.016246",
        "0.014806",
        "0.0010854",
        "0.045719",
        "0.0054069",
        "-0.048556",
        "0.096294",
        "-0.0093048",
        "-0.046589",
        "0.016503",
        "0.040146",
        "0.047692",
        "0.03031",
        "-0.083492",
        "0.1365",
        "-0.053444",
        "-0.040245",
        "-0.11983",
        "-0.0054788",
        "-0.15289",
        "0.073708",
        "-0.062688",
        "0.16114",
        "-0.040385"
      ],
      [
        "1.9349",
        "-1.281",
        "0.50179",
        "0.60411",
        "-0.63355",
        "-1.076",
        "-0.63293",
        "-0.052824",
        "-1.3875",
        "0.016146",
        "-0.19736",
        "-0.5477",
        "-0.63125",
        "0.53084",
        "-0.12197",
        "-0.37645",
        "-0.24375",
        "-0.78091",
        "-0.038146",
        "-0.48597",
        "0.24868",
        "-0.51089",
        "0.054933",
        "-0.56226",
        "-0.091257",
        "-0.5765",
        "-0.49095",
        "0.49436",
        "0.07168",
        "0.17161",
        "0.58231",
        "0.073062",
        "0.31463",
        "0.059059",
        "0.41511",
        "0.075798",
        "0.2714",
        "0.0077627",
        "0.30008"
      ]
    ]
  },
  {
    "InversedSigmas": [
      [
        [
          "2.2605",
          "0.23072",
          "0.45193",
          "0.9087",
          "0.51874",
          "0.15079",
          "0.52863",
          "-0.43559",
          "0.36568",
          "0.23428",
          "0.71511",
          "0.11124",
          "0.68451",
          "0.67451",
          "-0.0035136",
          "0.11873",
          "0.20615",
          "0.12481",
          "0.05567",
          "0.016929",
          "-0.07946",
          "0.056044",
          "0.094496",
          "0.096767",
          "0.065846",
          "0.091203",
          "0.87428",
          "-0.13714",
          "0.049257",
          "0.28709",
          "0.16437",
          "0.047779",
          "0.1382",
          "-0.06061",
          "0.02978",
          "0.1584",
          "0.096801",
          "-0.031077",
          "0.19409"
        ],
        [
          "0.23072",
          "4.1102",
          "0.75391",
          "-0.45597",
          "0.59711",
          "0.18631",
          "0.23225",
          "-0.091724",
          "0.21126",
          "0.23914",
          "0.56895",
          "-0.21932",
          "0.55614",
          "-0.047072",
          "-0.014318",
          "0.059759",
          "-0.081346",
          "-0.046058",
          "0.081688",
          "-0.084029",
          "-0.13128",
          "0.048424",
          "0.085548",
          "0.043098",
          "0.012983",
          "-0.16392",
          "-0.049431",
          "0.99793",
          "0.17705",
          "-0.22168",
          "-0.035592",
          "0.083276",
          "0.1225",
          "-0.19012",
          "-0.0082524",
          "0.18575",
          "0.1022",
          "-0.17267",
          "0.18781"
        ],
        [
          "0.45193",
          "0.75391",
          "3.5815",
          "0.29989",
          "0.10306",
          "0.38456",
          "-0.063192",
          "1.1132",
          "-0.79623",
          "0.49982",
          "-0.404",
          "1.2195",
          "-0.3024",
          "0.070506",
          "0.018977",
          "-0.079628",
          "0.012043",
          "-0.032773",
          "-0.015859",
          "0.030984",
          "0.067598",
          "0.086412",
          "-0.1193",
          "-0.00326",
          "0.010109",
          "0.080368",
          "0.14362",
          "0.047163",
          "1.0428",
          "0.10496",
          "-0.16929",
          "0.13667",
          "-0.005577",
          "0.24853",
          "-0.23782",
          "0.041274",
          "-0.12451",
          "0.30375",
          "-0.058364"
        ],
        [
          "0.9087",
          "-0.45597",
          "0.29989",
          "2.8153",
          "0.068922",
          "-0.37051",
          "0.65013",
          "-0.62678",
          "0.5347",
          "-0.3481",
          "0.49976",
          "-0.10662",
          "0.57709",
          "0.10801",
          "-0.10545",
          "-0.096916",
          "0.02825",
          "0.056588",
          "0.038011",
          "-0.044318",
          "0.064188",
          "0.067749",
          "0.0049176",
          "-0.075977",
          "-0.077787",
          "0.06476",
          "0.18823",
          "-0.28969",
          "0.010646",
          "1.0357",
          "-0.0092723",
          "-0.21519",
          "0.12768",
          "-0.15306",
          "0.15662",
          "-0.10256",
          "-0.028355",
          "-0.047946",
          "0.007182"
        ],
        [
          "0.51874",
          "0.59711",
          "0.10306",
          "0.068922",
          "4.6546",
          "0.076543",
          "-0.65321",
          "-0.4973",
          "-0.16315",
          "0.90463",
          "-0.86423",
          "0.79493",
          "0.096219",
          "-0.056596",
          "-0.042847",
          "-0.1035",
          "0.021129",
          "-0.11182",
          "-0.039495",
          "-0.019158",
          "0.1378",
          "-0.044606",
          "-0.18451",
          "-0.003195",
          "-0.13367",
          "0.20729",
          "0.20177",
          "0.034004",
          "-0.14854",
          "0.00096486",
          "1.1343",
          "-0.0047391",
          "-0.12334",
          "-0.22985",
          "0.049288",
          "0.23808",
          "-0.30525",
          "0.34791",
          "-0.023764"
        ],
        [
          "0.15079",
          "0.18631",
          "0.38456",
          "-0.37051",
          "0.076543",
          "2.4545",
          "-0.3941",
          "-0.16549",
          "0.16454",
          "-0.41788",
          "0.75899",
          "-0.23234",
          "0.16087",
          "0.060284",
          "0.026602",
          "0.033695",
          "0.053286",
          "-0.036082",
          "-0.0088966",
          "-0.032735",
          "0.036914",
          "-0.052648",
          "-0.17318",
          "0.0079671",
          "0.041069",
          "0.085999",
          "0.047567",
          "-0.085851",
          "0.16238",
          "-0.15858",
          "-0.015114",
          "1.06",
          "-0.0085703",
          "0.014502",
          "0.043236",
          "-0.073747",
          "0.12857",
          "-0.034428",
          "0.027578"
        ],
        [
          "0.52863",
          "0.23225",
          "-0.063192",
          "0.65013",
          "-0.65321",
          "-0.3941",
          "4.4225",
          "0.023784",
          "-0.43732",
          "0.29411",
          "-0.13971",
          "-0.38984",
          "0.03032",
          "-0.116",
          "-0.0061098",
          "-0.094824",
          "0.018477",
          "-0.059382",
          "-0.037758",
          "0.14332",
          "-0.28731",
          "0.14539",
          "0.13619",
          "-0.20356",
          "0.070388",
          "-0.026866",
          "-0.066583",
          "0.20646",
          "0.12329",
          "0.36876",
          "-0.10854",
          "-0.059398",
          "1.0511",
          "-0.042811",
          "-0.020127",
          "0.085789",
          "0.14851",
          "0.050666",
          "0.014756"
        ],
        [
          "-0.43559",
          "-0.091724",
          "1.1132",
          "-0.62678",
          "-0.4973",
          "-0.16549",
          "0.023784",
          "3.3841",
          "0.061804",
          "0.03366",
          "-0.18862",
          "0.17383",
          "-0.33689",
          "0.13843",
          "-0.14765",
          "-0.0070289",
          "0.072355",
          "0.070065",
          "0.039761",
          "-0.10661",
          "-0.059138",
          "-0.13147",
          "0.086674",
          "0.20962",
          "-0.069109",
          "-0.02091",
          "0.045728",
          "-0.20372",
          "0.0064916",
          "-0.31997",
          "-0.072209",
          "-0.046603",
          "0.054714",
          "1.1551",
          "-0.032236",
          "0.2634",
          "-0.10811",
          "-0.26273",
          "-0.060103"
        ],
        [
          "0.36568",
          "0.21126",
          "-0.79623",
          "0.5347",
          "-0.16315",
          "0.16454",
          "-0.43732",
          "0.061804",
          "4.5734",
          "-1.1704",
          "-0.54249",
          "-0.21487",
          "-0.73103",
          "0.03905",
          "-0.01811",
          "0.12883",
          "-0.022397",
          "-0.018257",
          "0.0011447",
          "-0.073439",
          "0.029138",
          "0.0068465",
          "-0.089944",
          "-0.044345",
          "0.10425",
          "-0.04615",
          "0.16482",
          "0.11135",
          "-0.16985",
          "0.2388",
          "0.045378",
          "0.08294",
          "-0.078911",
          "0.069057",
          "1.2783",
          "-0.36432",
          "-0.2189",
          "-0.084458",
          "-0.25852"
        ],
        [
          "0.23428",
          "0.23914",
          "0.49982",
          "-0.3481",
          "0.90463",
          "-0.41788",
          "0.29411",
          "0.03366",
          "-1.1704",
          "3.1588",
          "-0.362",
          "-0.75604",
          "-0.15304",
          "-0.086955",
          "-0.12884",
          "0.047321",
          "-0.099555",
          "-0.025649",
          "-0.022922",
          "-0.030544",
          "0.086802",
          "0.021946",
          "0.02814",
          "-0.14547",
          "0.083854",
          "-0.032788",
          "0.070831",
          "0.090582",
          "0.10496",
          "0.055306",
          "0.22865",
          "-0.086697",
          "0.054089",
          "0.083832",
          "-0.228",
          "1.1038",
          "0.075166",
          "-0.24278",
          "0.046065"
        ],
        [
          "0.71511",
          "0.56895",
          "-0.404",
          "0.49976",
          "-0.86423",
          "0.75899",
          "-0.13971",
          "-0.18862",
          "-0.54249",
          "-0.362",
          "4.5045",
          "-0.6684",
          "-0.052647",
          "0.080745",
          "0.021603",
          "0.066489",
          "0.15269",
          "-0.11915",
          "0.034426",
          "0.14232",
          "0.10829",
          "-0.032776",
          "-0.067036",
          "0.070094",
          "-0.095225",
          "0.1366",
          "0.26254",
          "-0.079025",
          "-0.20304",
          "0.058733",
          "-0.177",
          "0.2387",
          "0.0336",
          "0.035485",
          "-0.1836",
          "-0.12355",
          "1.0183",
          "-0.22222",
          "-0.17907"
        ],
        [
          "0.11124",
          "-0.21932",
          "1.2195",
          "-0.10662",
          "0.79493",
          "-0.23234",
          "-0.38984",
          "0.17383",
          "-0.21487",
          "-0.75604",
          "-0.6684",
          "2.9777",
          "0.024959",
          "-0.16641",
          "0.23342",
          "-0.0021428",
          "0.074061",
          "-0.119",
          "-0.051793",
          "0.22821",
          "0.071861",
          "0.087698",
          "-0.13014",
          "-0.013692",
          "0.0079625",
          "0.22971",
          "-0.015164",
          "-0.092792",
          "0.19273",
          "0.10344",
          "0.12992",
          "-0.070484",
          "-0.018037",
          "-0.068911",
          "0.1084",
          "-0.47942",
          "-0.15362",
          "1.3123",
          "0.18663"
        ],
        [
          "0.68451",
          "0.55614",
          "-0.3024",
          "0.57709",
          "0.096219",
          "0.16087",
          "0.03032",
          "-0.33689",
          "-0.73103",
          "-0.15304",
          "-0.052647",
          "0.024959",
          "3.0958",
          "0.11708",
          "-0.25459",
          "-0.066465",
          "-0.057283",
          "0.12671",
          "0.13748",
          "-0.23406",
          "-0.11744",
          "-0.10471",
          "0.22584",
          "0.076589",
          "-0.09918",
          "-0.14988",
          "0.11937",
          "-0.16054",
          "-0.35862",
          "-0.043852",
          "-0.057027",
          "0.030592",
          "0.054976",
          "-0.092452",
          "-0.33447",
          "0.31434",
          "-0.25979",
          "-0.20717",
          "1.0113"
        ],
        [
          "0.67451",
          "-0.047072",
          "0.070506",
          "0.10801",
          "-0.056596",
          "0.060284",
          "-0.116",
          "0.13843",
          "0.03905",
          "-0.086955",
          "0.080745",
          "-0.16641",
          "0.11708",
          "1.7888",
          "0.3267",
          "0.52047",
          "0.72433",
          "0.39495",
          "0.33065",
          "0.093409",
          "-0.038317",
          "0.088847",
          "0.0073159",
          "0.38148",
          "0.1212",
          "0.66159",
          "0.36185",
          "-0.096632",
          "0.0056525",
          "0.13666",
          "-0.015003",
          "0.035603",
          "-0.0013055",
          "0.19856",
          "0.0086601",
          "-0.054085",
          "0.076552",
          "-0.23808",
          "0.080723"
        ],
        [
          "-0.0035136",
          "-0.014318",
          "0.018977",
          "-0.10545",
          "-0.042847",
          "0.026602",
          "-0.0061098",
          "-0.14765",
          "-0.01811",
          "-0.12884",
          "0.021603",
          "0.23342",
          "-0.25459",
          "0.3267",
          "2.0184",
          "0.88126",
          "0.37246",
          "0.5601",
          "0.23791",
          "0.12315",
          "-0.1172",
          "0.31557",
          "-0.12611",
          "0.98722",
          "0.24013",
          "0.27662",
          "-0.016396",
          "0.0020664",
          "0.091117",
          "-0.059615",
          "-0.070025",
          "0.10204",
          "-0.18954",
          "-0.28473",
          "0.16412",
          "0.00048397",
          "-0.0073389",
          "0.11483",
          "-0.15389"
        ],
        [
          "0.11873",
          "0.059759",
          "-0.079628",
          "-0.096916",
          "-0.1035",
          "0.033695",
          "-0.094824",
          "-0.0070289",
          "0.12883",
          "0.047321",
          "0.066489",
          "-0.0021428",
          "-0.066465",
          "0.52047",
          "0.88126",
          "2.8828",
          "0.46708",
          "0.65144",
          "0.42334",
          "-0.22149",
          "0.73856",
          "-0.28928",
          "0.80743",
          "0.064741",
          "1.0745",
          "0.18607",
          "-0.041926",
          "0.061421",
          "-0.02317",
          "0.098064",
          "-0.080022",
          "0.024449",
          "0.11826",
          "0.016486",
          "0.0049134",
          "0.073002",
          "0.025309",
          "-0.062997",
          "0.1379"
        ],
        [
          "0.20615",
          "-0.081346",
          "0.012043",
          "0.02825",
          "0.021129",
          "0.053286",
          "0.018477",
          "0.072355",
          "-0.022397",
          "-0.099555",
          "0.15269",
          "0.074061",
          "-0.057283",
          "0.72433",
          "0.37246",
          "0.46708",
          "1.8667",
          "0.3951",
          "0.051635",
          "0.28786",
          "-0.11783",
          "0.29631",
          "-0.18573",
          "0.58131",
          "-0.0074389",
          "0.69888",
          "-0.12048",
          "0.047323",
          "-0.078565",
          "0.015472",
          "0.059653",
          "-0.01291",
          "0.14732",
          "-0.0010429",
          "0.038182",
          "-0.10333",
          "0.03813",
          "0.14098",
          "-0.042753"
        ],
        [
          "0.12481",
          "-0.046058",
          "-0.032773",
          "0.056588",
          "-0.11182",
          "-0.036082",
          "-0.059382",
          "0.070065",
          "-0.018257",
          "-0.025649",
          "-0.11915",
          "-0.119",
          "0.12671",
          "0.39495",
          "0.5601",
          "0.65144",
          "0.3951",
          "1.7939",
          "0.29058",
          "-0.25352",
          "0.2406",
          "0.23078",
          "0.45633",
          "-0.088875",
          "0.53659",
          "0.38556",
          "0.030208",
          "0.017834",
          "0.065895",
          "-0.046717",
          "-0.051647",
          "0.0092823",
          "-0.08295",
          "0.15275",
          "0.029393",
          "-0.044526",
          "0.090801",
          "-0.0398",
          "-0.006771"
        ],
        [
          "0.05567",
          "0.081688",
          "-0.015859",
          "0.038011",
          "-0.039495",
          "-0.0088966",
          "-0.037758",
          "0.039761",
          "0.0011447",
          "-0.022922",
          "0.034426",
          "-0.051793",
          "0.13748",
          "0.33065",
          "0.23791",
          "0.42334",
          "0.051635",
          "0.29058",
          "1.1696",
          "-0.03974",
          "-0.013975",
          "0.12462",
          "-0.11113",
          "0.40573",
          "-0.031322",
          "0.18981",
          "-0.065452",
          "-0.031512",
          "-0.0042107",
          "0.02079",
          "-0.042472",
          "0.0062195",
          "-0.0536",
          "0.061136",
          "-0.052594",
          "-0.090345",
          "0.094388",
          "-0.066272",
          "-0.02185"
        ],
        [
          "0.016929",
          "-0.084029",
          "0.030984",
          "-0.044318",
          "-0.019158",
          "-0.032735",
          "0.14332",
          "-0.10661",
          "-0.073439",
          "-0.030544",
          "0.14232",
          "0.22821",
          "-0.23406",
          "0.093409",
          "0.12315",
          "-0.22149",
          "0.28786",
          "-0.25352",
          "-0.03974",
          "1.2874",
          "-0.072902",
          "-0.11611",
          "0.092366",
          "0.0099503",
          "-0.18679",
          "-0.066266",
          "0.011163",
          "0.10891",
          "-0.1324",
          "-0.068584",
          "0.01581",
          "0.028569",
          "0.060461",
          "-0.19411",
          "0.041171",
          "-0.019781",
          "0.015844",
          "0.1574",
          "0.15089"
        ],
        [
          "-0.07946",
          "-0.13128",
          "0.067598",
          "0.064188",
          "0.1378",
          "0.036914",
          "-0.28731",
          "-0.059138",
          "0.029138",
          "0.086802",
          "0.10829",
          "0.071861",
          "-0.11744",
          "-0.038317",
          "-0.1172",
          "0.73856",
          "-0.11783",
          "0.2406",
          "-0.013975",
          "-0.072902",
          "2.1467",
          "-0.11121",
          "-0.083832",
          "-0.11861",
          "-0.046106",
          "0.13824",
          "-0.056112",
          "0.086887",
          "-0.07795",
          "0.073912",
          "-0.14529",
          "-0.073502",
          "0.1084",
          "0.015956",
          "0.093219",
          "0.12315",
          "-0.0040916",
          "-0.24089",
          "0.19333"
        ],
        [
          "0.056044",
          "0.048424",
          "0.086412",
          "0.067749",
          "-0.044606",
          "-0.052648",
          "0.14539",
          "-0.13147",
          "0.0068465",
          "0.021946",
          "-0.032776",
          "0.087698",
          "-0.10471",
          "0.088847",
          "0.31557",
          "-0.28928",
          "0.29631",
          "0.23078",
          "0.12462",
          "-0.11611",
          "-0.11121",
          "1.6021",
          "-0.40265",
          "-0.054447",
          "0.10852",
          "-0.23595",
          "-0.032919",
          "-0.13338",
          "0.11156",
          "-0.017082",
          "-0.062702",
          "0.043803",
          "-0.062535",
          "-0.1304",
          "0.026522",
          "-0.24998",
          "0.071435",
          "0.28366",
          "-0.29311"
        ],
        [
          "0.094496",
          "0.085548",
          "-0.1193",
          "0.0049176",
          "-0.18451",
          "-0.17318",
          "0.13619",
          "0.086674",
          "-0.089944",
          "0.02814",
          "-0.067036",
          "-0.13014",
          "0.22584",
          "0.0073159",
          "-0.12611",
          "0.80743",
          "-0.18573",
          "0.45633",
          "-0.11113",
          "0.092366",
          "-0.083832",
          "-0.40265",
          "1.8407",
          "-0.33142",
          "0.25783",
          "-0.2934",
          "0.038915",
          "-0.044812",
          "-0.090099",
          "0.13532",
          "0.016974",
          "0.014946",
          "-0.0049261",
          "-0.08027",
          "0.23642",
          "-0.019783",
          "-0.055492",
          "0.062634",
          "0.064642"
        ],
        [
          "0.096767",
          "0.043098",
          "-0.00326",
          "-0.075977",
          "-0.003195",
          "0.0079671",
          "-0.20356",
          "0.20962",
          "-0.044345",
          "-0.14547",
          "0.070094",
          "-0.013692",
          "0.076589",
          "0.38148",
          "0.98722",
          "0.064741",
          "0.58131",
          "-0.088875",
          "0.40573",
          "0.0099503",
          "-0.11861",
          "-0.054447",
          "-0.33142",
          "1.993",
          "-0.45901",
          "0.26927",
          "-0.15304",
          "0.10996",
          "0.06458",
          "-0.028155",
          "-0.14992",
          "-0.031289",
          "0.054464",
          "0.0090377",
          "-0.086734",
          "0.025021",
          "0.043208",
          "-0.0081723",
          "0.10891"
        ],
        [
          "0.065846",
          "0.012983",
          "0.010109",
          "-0.077787",
          "-0.13367",
          "0.041069",
          "0.070388",
          "-0.069109",
          "0.10425",
          "0.083854",
          "-0.095225",
          "0.0079625",
          "-0.09918",
          "0.1212",
          "0.24013",
          "1.0745",
          "-0.0074389",
          "0.53659",
          "-0.031322",
          "-0.18679",
          "-0.046106",
          "0.10852",
          "0.25783",
          "-0.45901",
          "1.6128",
          "0.098157",
          "0.048533",
          "0.072798",
          "0.10734",
          "-0.079544",
          "-0.042834",
          "0.10402",
          "-0.044535",
          "0.17663",
          "-0.20971",
          "-0.026516",
          "0.05465",
          "0.012415",
          "0.14897"
        ],
        [
          "0.091203",
          "-0.16392",
          "0.080368",
          "0.06476",
          "0.20729",
          "0.085999",
          "-0.026866",
          "-0.02091",
          "-0.04615",
          "-0.032788",
          "0.1366",
          "0.22971",
          "-0.14988",
          "0.66159",
          "0.27662",
          "0.18607",
          "0.69888",
          "0.38556",
          "0.18981",
          "-0.066266",
          "0.13824",
          "-0.23595",
          "-0.2934",
          "0.26927",
          "0.098157",
          "1.5291",
          "-0.073331",
          "-0.048038",
          "-0.088974",
          "0.049185",
          "0.1057",
          "0.09771",
          "-0.18776",
          "-0.19675",
          "0.24277",
          "0.045164",
          "-0.037854",
          "0.021218",
          "-0.096065"
        ],
        [
          "0.87428",
          "-0.049431",
          "0.14362",
          "0.18823",
          "0.20177",
          "0.047567",
          "-0.066583",
          "0.045728",
          "0.16482",
          "0.070831",
          "0.26254",
          "-0.015164",
          "0.11937",
          "0.36185",
          "-0.016396",
          "-0.041926",
          "-0.12048",
          "0.030208",
          "-0.065452",
          "0.011163",
          "-0.056112",
          "-0.032919",
          "0.038915",
          "-0.15304",
          "0.048533",
          "-0.073331",
          "1.3665",
          "0.21822",
          "0.41508",
          "0.51517",
          "0.39963",
          "0.32791",
          "0.034772",
          "0.030608",
          "0.11646",
          "0.092714",
          "0.30919",
          "0.080966",
          "0.46054"
        ],
        [
          "-0.13714",
          "0.99793",
          "0.047163",
          "-0.28969",
          "0.034004",
          "-0.085851",
          "0.20646",
          "-0.20372",
          "0.11135",
          "0.090582",
          "-0.079025",
          "-0.092792",
          "-0.16054",
          "-0.096632",
          "0.0020664",
          "0.061421",
          "0.047323",
          "0.017834",
          "-0.031512",
          "0.10891",
          "0.086887",
          "-0.13338",
          "-0.044812",
          "0.10996",
          "0.072798",
          "-0.048038",
          "0.21822",
          "2.2667",
          "0.93111",
          "0.36914",
          "0.46325",
          "0.15613",
          "0.22643",
          "-0.15633",
          "0.28127",
          "-0.137",
          "0.99575",
          "0.18836",
          "0.19636"
        ],
        [
          "0.049257",
          "0.17705",
          "1.0428",
          "0.010646",
          "-0.14854",
          "0.16238",
          "0.12329",
          "0.0064916",
          "-0.16985",
          "0.10496",
          "-0.20304",
          "0.19273",
          "-0.35862",
          "0.0056525",
          "0.091117",
          "-0.02317",
          "-0.078565",
          "0.065895",
          "-0.0042107",
          "-0.1324",
          "-0.07795",
          "0.11156",
          "-0.090099",
          "0.06458",
          "0.10734",
          "-0.088974",
          "0.41508",
          "0.93111",
          "2.9281",
          "0.36521",
          "0.44147",
          "0.45329",
          "-0.16906",
          "0.43431",
          "-0.35346",
          "0.72774",
          "-0.070161",
          "1.0414",
          "-0.042106"
        ],
        [
          "0.28709",
          "-0.22168",
          "0.10496",
          "1.0357",
          "0.00096486",
          "-0.15858",
          "0.36876",
          "-0.31997",
          "0.2388",
          "0.055306",
          "0.058733",
          "0.10344",
          "-0.043852",
          "0.13666",
          "-0.059615",
          "0.098064",
          "0.015472",
          "-0.046717",
          "0.02079",
          "-0.068584",
          "0.073912",
          "-0.017082",
          "0.13532",
          "-0.028155",
          "-0.079544",
          "0.049185",
          "0.51517",
          "0.36914",
          "0.36521",
          "2.0283",
          "0.331",
          "0.033615",
          "0.36175",
          "-0.13202",
          "0.43232",
          "-0.18926",
          "0.58563",
          "0.13732",
          "0.50813"
        ],
        [
          "0.16437",
          "-0.035592",
          "-0.16929",
          "-0.0092723",
          "1.1343",
          "-0.015114",
          "-0.10854",
          "-0.072209",
          "0.045378",
          "0.22865",
          "-0.177",
          "0.12992",
          "-0.057027",
          "-0.015003",
          "-0.070025",
          "-0.080022",
          "0.059653",
          "-0.051647",
          "-0.042472",
          "0.01581",
          "-0.14529",
          "-0.062702",
          "0.016974",
          "-0.14992",
          "-0.042834",
          "0.1057",
          "0.39963",
          "0.46325",
          "0.44147",
          "0.331",
          "1.912",
          "0.2309",
          "-0.25828",
          "0.2093",
          "0.28653",
          "0.60535",
          "-0.15667",
          "0.5634",
          "0.20154"
        ],
        [
          "0.047779",
          "0.083276",
          "0.13667",
          "-0.21519",
          "-0.0047391",
          "1.06",
          "-0.059398",
          "-0.046603",
          "0.08294",
          "-0.086697",
          "0.2387",
          "-0.070484",
          "0.030592",
          "0.035603",
          "0.10204",
          "0.024449",
          "-0.01291",
          "0.0092823",
          "0.0062195",
          "0.028569",
          "-0.073502",
          "0.043803",
          "0.014946",
          "-0.031289",
          "0.10402",
          "0.09771",
          "0.32791",
          "0.15613",
          "0.45329",
          "0.033615",
          "0.2309",
          "1.4915",
          "0.029356",
          "0.026679",
          "0.1515",
          "0.0074047",
          "0.41531",
          "0.0065997",
          "0.16815"
        ],
        [
          "0.1382",
          "0.1225",
          "-0.005577",
          "0.12768",
          "-0.12334",
          "-0.0085703",
          "1.0511",
          "0.054714",
          "-0.078911",
          "0.054089",
          "0.0336",
          "-0.018037",
          "0.054976",
          "-0.0013055",
          "-0.18954",
          "0.11826",
          "0.14732",
          "-0.08295",
          "-0.0536",
          "0.060461",
          "0.1084",
          "-0.062535",
          "-0.0049261",
          "0.054464",
          "-0.044535",
          "-0.18776",
          "0.034772",
          "0.22643",
          "-0.16906",
          "0.36175",
          "-0.25828",
          "0.029356",
          "1.3796",
          "-0.0023064",
          "-0.083311",
          "0.039795",
          "0.13248",
          "-0.096525",
          "0.045345"
        ],
        [
          "-0.06061",
          "-0.19012",
          "0.24853",
          "-0.15306",
          "-0.22985",
          "0.014502",
          "-0.042811",
          "1.1551",
          "0.069057",
          "0.083832",
          "0.035485",
          "-0.068911",
          "-0.092452",
          "0.19856",
          "-0.28473",
          "0.016486",
          "-0.0010429",
          "0.15275",
          "0.061136",
          "-0.19411",
          "0.015956",
          "-0.1304",
          "-0.08027",
          "0.0090377",
          "0.17663",
          "-0.19675",
          "0.030608",
          "-0.15633",
          "0.43431",
          "-0.13202",
          "0.2093",
          "0.026679",
          "-0.0023064",
          "2.0442",
          "0.1007",
          "-0.033061",
          "-0.19461",
          "-0.090163",
          "0.1122"
        ],
        [
          "0.02978",
          "-0.0082524",
          "-0.23782",
          "0.15662",
          "0.049288",
          "0.043236",
          "-0.020127",
          "-0.032236",
          "1.2783",
          "-0.228",
          "-0.1836",
          "0.1084",
          "-0.33447",
          "0.0086601",
          "0.16412",
          "0.0049134",
          "0.038182",
          "0.029393",
          "-0.052594",
          "0.041171",
          "0.093219",
          "0.026522",
          "0.23642",
          "-0.086734",
          "-0.20971",
          "0.24277",
          "0.11646",
          "0.28127",
          "-0.35346",
          "0.43232",
          "0.28653",
          "0.1515",
          "-0.083311",
          "0.1007",
          "1.8805",
          "-0.5436",
          "-0.039466",
          "0.15201",
          "-0.29195"
        ],
        [
          "0.1584",
          "0.18575",
          "0.041274",
          "-0.10256",
          "0.23808",
          "-0.073747",
          "0.085789",
          "0.2634",
          "-0.36432",
          "1.1038",
          "-0.12355",
          "-0.47942",
          "0.31434",
          "-0.054085",
          "0.00048397",
          "0.073002",
          "-0.10333",
          "-0.044526",
          "-0.090345",
          "-0.019781",
          "0.12315",
          "-0.24998",
          "-0.019783",
          "0.025021",
          "-0.026516",
          "0.045164",
          "0.092714",
          "-0.137",
          "0.72774",
          "-0.18926",
          "0.60535",
          "0.0074047",
          "0.039795",
          "-0.033061",
          "-0.5436",
          "2.3027",
          "-0.37381",
          "0.13539",
          "-0.19041"
        ],
        [
          "0.096801",
          "0.1022",
          "-0.12451",
          "-0.028355",
          "-0.30525",
          "0.12857",
          "0.14851",
          "-0.10811",
          "-0.2189",
          "0.075166",
          "1.0183",
          "-0.15362",
          "-0.25979",
          "0.076552",
          "-0.0073389",
          "0.025309",
          "0.03813",
          "0.090801",
          "0.094388",
          "0.015844",
          "-0.0040916",
          "0.071435",
          "-0.055492",
          "0.043208",
          "0.05465",
          "-0.037854",
          "0.30919",
          "0.99575",
          "-0.070161",
          "0.58563",
          "-0.15667",
          "0.41531",
          "0.13248",
          "-0.19461",
          "-0.039466",
          "-0.37381",
          "2.187",
          "-0.51368",
          "0.1147"
        ],
        [
          "-0.031077",
          "-0.17267",
          "0.30375",
          "-0.047946",
          "0.34791",
          "-0.034428",
          "0.050666",
          "-0.26273",
          "-0.084458",
          "-0.24278",
          "-0.22222",
          "1.3123",
          "-0.20717",
          "-0.23808",
          "0.11483",
          "-0.062997",
          "0.14098",
          "-0.0398",
          "-0.066272",
          "0.1574",
          "-0.24089",
          "0.28366",
          "0.062634",
          "-0.0081723",
          "0.012415",
          "0.021218",
          "0.080966",
          "0.18836",
          "1.0414",
          "0.13732",
          "0.5634",
          "0.0065997",
          "-0.096525",
          "-0.090163",
          "0.15201",
          "0.13539",
          "-0.51368",
          "2.0591",
          "0.12596"
        ],
        [
          "0.19409",
          "0.18781",
          "-0.058364",
          "0.007182",
          "-0.023764",
          "0.027578",
          "0.014756",
          "-0.060103",
          "-0.25852",
          "0.046065",
          "-0.17907",
          "0.18663",
          "1.0113",
          "0.080723",
          "-0.15389",
          "0.1379",
          "-0.042753",
          "-0.006771",
          "-0.02185",
          "0.15089",
          "0.19333",
          "-0.29311",
          "0.064642",
          "0.10891",
          "0.14897",
          "-0.096065",
          "0.46054",
          "0.19636",
          "-0.042106",
          "0.50813",
          "0.20154",
          "0.16815",
          "0.045345",
          "0.1122",
          "-0.29195",
          "-0.19041",
          "0.1147",
          "0.12596",
          "1.6458"
        ]
      ],
      [
        [
          "3.7284",
          "0.25403",
          "0.58642",
          "0.85035",
          "0.8727",
          "0.21583",
          "0.34911",
          "-0.34601",
          "0.44124",
          "0.30984",
          "0.70298",
          "0.39834",
          "0.64772",
          "-1.1393",
          "-0.21369",
          "-0.058153",
          "-0.10788",
          "-0.22607",
          "0.0219",
          "-0.077872",
          "0.031393",
          "-0.054542",
          "-0.044569",
          "-0.10391",
          "-0.17419",
          "-0.032003",
          "0.82542",
          "0.096162",
          "-0.035062",
          "0.19534",
          "0.12658",
          "0.045061",
          "0.11307",
          "-0.12941",
          "0.14022",
          "0.14154",
          "0.16935",
          "-0.0098176",
          "0.20453"
        ],
        [
          "0.25403",
          "3.7469",
          "0.6322",
          "-0.55189",
          "0.090358",
          "0.067463",
          "-0.36802",
          "-0.64081",
          "-0.034006",
          "0.19123",
          "0.58834",
          "-0.067621",
          "0.28456",
          "0.047743",
          "0.27921",
          "-0.035565",
          "-0.070341",
          "0.13319",
          "-0.074767",
          "-0.088848",
          "0.0089973",
          "0.060279",
          "0.055663",
          "-0.013235",
          "-0.058101",
          "0.13533",
          "0.12829",
          "1.0256",
          "0.18016",
          "-0.33278",
          "-0.060899",
          "-0.14444",
          "-0.058883",
          "-0.15031",
          "0.0099999",
          "-0.051556",
          "-0.029763",
          "0.070609",
          "-0.015628"
        ],
        [
          "0.58642",
          "0.6322",
          "3.4412",
          "0.17466",
          "-0.15753",
          "0.18386",
          "-0.30221",
          "1.0811",
          "-0.58709",
          "0.38627",
          "-0.22323",
          "1.048",
          "-0.31901",
          "-0.13075",
