[
  {
    "mu": [
      [
        "-0.3787",
        "0.20397",
        "0.14021",
        "0.12934",
        "0.061544",
        "-0.0011063",
        "-0.024553",
        "-0.059753",
        "0.15821",
        "0.067682",
        "0.17535",
        "0.1126",
        "0.11143",
        "-0.042983",
        "-0.0046743",
        "0.19385",
        "0.090023",
        "0.25065",
        "0.0299",
        "0.15103",
        "-0.036457",
        "0.047943",
        "-0.19666",
        "-0.016183",
        "-0.18537",
        "0.01432",
        "0.0096186",
        "-0.15613",
        "0.049529",
        "-0.064166",
        "0.075038",
        "0.046767",
        "0.20504",
        "-0.040194",
        "-0.044594",
        "-0.13964",
        "-0.14828",
        "-0.16765",
        "-0.018022"
      ],
      [
        "-0.40954",
        "-0.41229",
        "0.21319",
        "-0.23771",
        "0.72089",
        "-0.33793",
        "0.89288",
        "-0.47317",
        "-0.3637",
        "0.78177",
        "-0.03882",
        "-1.4185",
        "0.081896",
        "-0.012847",
        "-0.56",
        "-1.2732",
        "-1.4529",
        "0.15221",
        "-0.10571",
        "-0.55549",
        "1.2261",
        "1.1094",
        "-0.22975",
        "0.6965",
        "1.8823",
        "0.70708",
        "-0.020504",
        "0.5287",
        "0.55342",
        "-0.24946",
        "-1.1208",
        "-1.0683",
        "-0.69578",
        "-0.0637",
        "0.030341",
        "0.035393",
        "0.54012",
        "1.0364",
        "1.1068"
      ],
      [
        "0.31367",
        "0.42082",
        "0.10674",
        "0.34102",
        "-0.21212",
        "0.10255",
        "0.10154",
        "-0.080331",
        "-0.23535",
        "-0.032406",
        "-0.068727",
        "-0.38382",
        "-0.041931",
        "0.42597",
        "0.43501",
        "-0.062779",
        "0.34971",
        "-0.28707",
        "0.19041",
        "-0.45186",
        "0.11276",
        "-0.48863",
        "-0.39106",
        "-0.70491",
        "-0.071833",
        "-0.54552",
        "-0.39885",
        "-0.46113",
        "-0.23296",
        "-0.54563",
        "0.42332",
        "-0.052161",
        "-0.14674",
        "0.31821",
        "0.59895",
        "0.45372",
        "0.45342",
        "0.53059",
        "0.29157"
      ],
      [
        "-0.33627",
        "-0.86238",
        "0.7013",
        "-0.50586",
        "0.82951",
        "-0.49412",
        "0.81826",
        "-0.5199",
        "0.69338",
        "-0.3686",
        "0.61417",
        "-0.1821",
        "0.66746",
        "0.048904",
        "-0.10275",
        "-0.079354",
        "-0.12565",
        "-0.027085",
        "-0.066983",
        "0.11448",
        "-0.18739",
        "-0.089032",
        "0.29152",
        "0.28968",
        "0.069009",
        "0.18551",
        "0.027165",
        "0.42077",
        "-0.28083",
        "0.29945",
        "-0.38306",
        "0.25957",
        "-0.32622",
        "0.16115",
        "-0.23326",
        "0.20011",
        "-0.010435",
        "0.098166",
        "-0.073555"
      ],
      [
        "0.93459",
        "0.28297",
        "-1.0602",
        "0.095974",
        "-0.89659",
        "0.47239",
        "-0.89781",
        "0.71974",
        "-0.86741",
        "0.21608",
        "-0.92934",
        "0.26035",
        "-0.88142",
        "-0.19616",
        "-0.087465",
        "-0.18497",
        "-0.14823",
        "-0.3131",
        "-0.086213",
        "-0.13272",
        "0.12783",
        "0.19557",
        "0.30921",
        "0.074574",
        "0.21528",
        "0.035026",
        "0.1705",
        "0.090596",
        "0.28378",
        "0.12849",
        "0.084405",
        "-0.26395",
        "0.056514",
        "-0.25504",
        "-0.0005702",
        "-0.18094",
        "0.021032",
        "-0.12398",
        "-0.11397"
      ]
    ]
  },
  {
    "InversedSigmas": [
      [
        [
          "7.7879",
          "-0.069138",
          "0.19761",
          "0.4594",
          "0.62372",
          "0.093411",
          "0.20165",
          "0.07152",
          "0.52493",
          "0.003222",
          "0.42429",
          "0.28132",
          "0.34038",
          "0.25606",
          "-0.13196",
          "-0.14938",
          "0.14332",
          "-0.17292",
          "-0.17224",
          "0.1059",
          "-0.069502",
          "-0.13186",
          "-0.05898",
          "0.028996",
          "0.12493",
          "-0.025114",
          "1.1215",
          "-0.11722",
          "0.21588",
          "0.0085898",
          "-0.011486",
          "0.11822",
          "-0.062266",
          "-0.038053",
          "0.12489",
          "-0.081805",
          "0.2767",
          "0.091521",
          "-0.084141"
        ],
        [
          "-0.069138",
          "2.9616",
          "-0.76365",
          "-0.086462",
          "0.65845",
          "-0.17116",
          "0.35325",
          "-0.88099",
          "0.31294",
          "-0.30742",
          "-0.034271",
          "0.1339",
          "0.22496",
          "-0.070299",
          "-0.13155",
          "0.09207",
          "0.1317",
          "-0.071611",
          "0.19774",
          "-0.08006",
          "0.074619",
          "0.043186",
          "0.18302",
          "-0.086418",
          "0.032671",
          "-0.069315",
          "-0.25614",
          "0.88838",
          "-0.17038",
          "-0.069111",
          "0.017711",
          "-0.05861",
          "0.18873",
          "-0.60318",
          "0.063872",
          "-0.15056",
          "0.016625",
          "-0.18912",
          "-0.1084"
        ],
        [
          "0.19761",
          "-0.76365",
          "4.8702",
          "0.020571",
          "-1.0038",
          "0.88254",
          "-1.0317",
          "0.90431",
          "-0.61244",
          "0.63098",
          "-0.79037",
          "0.78476",
          "-0.32801",
          "0.030373",
          "0.23843",
          "-0.081884",
          "-0.0088865",
          "-0.085463",
          "0.063501",
          "0.25346",
          "-0.03576",
          "-0.11162",
          "-0.012175",
          "0.15342",
          "-0.30064",
          "0.031585",
          "0.014045",
          "-0.17682",
          "1.2777",
          "0.010886",
          "-0.40225",
          "0.062882",
          "-0.10799",
          "0.33146",
          "-0.36112",
          "0.22762",
          "-0.20856",
          "0.048852",
          "-0.15127"
        ],
        [
          "0.4594",
          "-0.086462",
          "0.020571",
          "2.6081",
          "-0.33334",
          "-0.66044",
          "0.072063",
          "-0.51109",
          "0.19626",
          "-0.1266",
          "0.16915",
          "-0.38602",
          "0.24108",
          "-0.059453",
          "0.10812",
          "-0.31661",
          "0.026534",
          "-0.24511",
          "-0.10974",
          "0.0151",
          "-0.22867",
          "-0.089954",
          "-0.35013",
          "0.30544",
          "-0.24586",
          "0.11297",
          "-0.26724",
          "-0.19046",
          "-0.13662",
          "1.2354",
          "0.16683",
          "-0.41751",
          "0.022242",
          "-0.018808",
          "0.0031332",
          "-0.15722",
          "-0.1344",
          "-0.099734",
          "-0.22421"
        ],
        [
          "0.62372",
          "0.65845",
          "-1.0038",
          "-0.33334",
          "4.5577",
          "0.065586",
          "-0.90613",
          "0.431",
          "-0.79708",
          "0.075194",
          "-0.96879",
          "0.21057",
          "-0.61163",
          "-0.38759",
          "-0.04622",
          "0.21155",
          "0.13273",
          "-0.080559",
          "0.05938",
          "-0.15454",
          "-0.054306",
          "-0.080566",
          "0.00344",
          "0.14376",
          "0.14127",
          "-0.1748",
          "-0.07586",
          "0.096139",
          "-0.30526",
          "-0.031811",
          "1.2355",
          "0.085095",
          "-0.36252",
          "-0.17077",
          "-0.24533",
          "-0.12964",
          "-0.00015648",
          "-0.31458",
          "-0.33703"
        ],
        [
          "0.093411",
          "-0.17116",
          "0.88254",
          "-0.66044",
          "0.065586",
          "3.1322",
          "-0.45504",
          "-0.40575",
          "0.087356",
          "0.23224",
          "-0.13929",
          "-0.28125",
          "0.19455",
          "0.23957",
          "-0.0037342",
          "0.093601",
          "-0.12117",
          "-0.051826",
          "0.14977",
          "0.16795",
          "0.35554",
          "-0.048297",
          "-0.29901",
          "-0.083246",
          "-0.052447",
          "-0.25662",
          "0.081658",
          "-0.075439",
          "0.23022",
          "-0.28498",
          "-0.10253",
          "1.6026",
          "-0.079943",
          "-0.42103",
          "-0.060724",
          "0.027828",
          "0.024394",
          "-0.43229",
          "0.0040446"
        ],
        [
          "0.20165",
          "0.35325",
          "-1.0317",
          "0.072063",
          "-0.90613",
          "-0.45504",
          "4.5361",
          "-0.27245",
          "-0.67604",
          "0.26684",
          "-0.50858",
          "0.41581",
          "-0.55782",
          "0.020064",
          "0.053301",
          "-0.26008",
          "-0.0042649",
          "0.2256",
          "-0.10364",
          "-0.068147",
          "-0.17381",
          "-0.04724",
          "0.19994",
          "0.20691",
          "-0.17662",
          "-0.10249",
          "-0.082669",
          "0.10133",
          "-0.53101",
          "0.073013",
          "-0.21392",
          "-0.065648",
          "1.7343",
          "-0.14978",
          "-0.14468",
          "-0.0065959",
          "-0.1396",
          "0.22205",
          "-0.2308"
        ],
        [
          "0.07152",
          "-0.88099",
          "0.90431",
          "-0.51109",
          "0.431",
          "-0.40575",
          "-0.27245",
          "3.3827",
          "-1.0167",
          "-0.41068",
          "0.0093114",
          "-0.31726",
          "0.10003",
          "-0.16643",
          "0.31717",
          "0.0086489",
          "0.040504",
          "0.28141",
          "-0.28623",
          "-0.019059",
          "0.083002",
          "-0.22185",
          "0.075979",
          "0.13766",
          "0.0087626",
          "0.1858",
          "0.31193",
          "0.00027917",
          "0.060319",
          "-0.29457",
          "0.18117",
          "-0.48942",
          "-0.022479",
          "1.5843",
          "-0.095886",
          "-0.2038",
          "-0.094207",
          "-0.13267",
          "-0.080122"
        ],
        [
          "0.52493",
          "0.31294",
          "-0.61244",
          "0.19626",
          "-0.79708",
          "0.087356",
          "-0.67604",
          "-1.0167",
          "4.5053",
          "-0.26316",
          "-0.89989",
          "0.39323",
          "-0.56513",
          "-0.099057",
          "-0.27575",
          "0.058372",
          "0.24745",
          "-0.44334",
          "-0.25616",
          "0.040449",
          "-0.056852",
          "0.14686",
          "-0.21736",
          "0.16147",
          "-0.048715",
          "0.010208",
          "0.069539",
          "-0.10996",
          "-0.34143",
          "0.093573",
          "-0.29137",
          "-0.061319",
          "-0.60258",
          "-0.15541",
          "1.569",
          "-0.23172",
          "-0.2954",
          "0.16278",
          "-0.17976"
        ],
        [
          "0.003222",
          "-0.30742",
          "0.63098",
          "-0.1266",
          "0.075194",
          "0.23224",
          "0.26684",
          "-0.41068",
          "-0.26316",
          "2.6965",
          "-0.62956",
          "-0.33139",
          "-0.034745",
          "0.11564",
          "-0.037914",
          "0.088083",
          "-0.014197",
          "-0.023954",
          "0.12607",
          "0.10193",
          "0.097088",
          "0.045685",
          "0.02975",
          "0.035591",
          "0.02435",
          "0.010016",
          "-0.26739",
          "-0.05242",
          "0.13547",
          "0.17292",
          "0.19661",
          "0.017193",
          "0.20165",
          "-0.16757",
          "-0.14522",
          "1.2553",
          "0.13716",
          "-0.26286",
          "0.0057686"
        ],
        [
          "0.42429",
          "-0.034271",
          "-0.79037",
          "0.16915",
          "-0.96879",
          "-0.13929",
          "-0.50858",
          "0.0093114",
          "-0.89989",
          "-0.62956",
          "4.5414",
          "-0.70127",
          "-0.97789",
          "-0.16258",
          "0.08891",
          "-0.072575",
          "-0.070363",
          "0.020524",
          "-0.039142",
          "-0.026271",
          "0.13075",
          "-0.026181",
          "-0.21747",
          "-0.12079",
          "0.013146",
          "0.31831",
          "0.19057",
          "-0.10351",
          "-0.014945",
          "0.1115",
          "-0.33311",
          "0.00025552",
          "-0.093427",
          "0.044728",
          "-0.25514",
          "-0.22527",
          "1.5725",
          "0.0022293",
          "-0.59528"
        ],
        [
          "0.28132",
          "0.1339",
          "0.78476",
          "-0.38602",
          "0.21057",
          "-0.28125",
          "0.41581",
          "-0.31726",
          "0.39323",
          "-0.33139",
          "-0.70127",
          "2.8161",
          "-0.76464",
          "-0.080051",
          "-0.14266",
          "0.088771",
          "0.071883",
          "-0.19829",
          "0.25762",
          "0.12395",
          "-0.1077",
          "0.07955",
          "0.31816",
          "-0.063177",
          "0.019717",
          "0.11876",
          "-0.13785",
          "0.060855",
          "0.13914",
          "0.0066094",
          "0.095319",
          "-0.1155",
          "0.23354",
          "-0.40302",
          "0.13692",
          "-0.11847",
          "0.11319",
          "1.427",
          "-0.34442"
        ],
        [
          "0.34038",
          "0.22496",
          "-0.32801",
          "0.24108",
          "-0.61163",
          "0.19455",
          "-0.55782",
          "0.10003",
          "-0.56513",
          "-0.034745",
          "-0.97789",
          "-0.76464",
          "4.0841",
          "0.037669",
          "0.08363",
          "-0.20187",
          "-0.12124",
          "0.0017691",
          "-0.033166",
          "0.030378",
          "-0.24273",
          "-0.001455",
          "0.1279",
          "-0.12583",
          "-0.11136",
          "-0.015997",
          "0.33178",
          "0.02835",
          "-0.0221",
          "0.0071882",
          "-0.24719",
          "0.2145",
          "-0.062813",
          "0.21063",
          "-0.28248",
          "-0.0061782",
          "-0.46661",
          "-0.31094",
          "1.7196"
        ],
        [
          "0.25606",
          "-0.070299",
          "0.030373",
          "-0.059453",
          "-0.38759",
          "0.23957",
          "0.020064",
          "-0.16643",
          "-0.099057",
          "0.11564",
          "-0.16258",
          "-0.080051",
          "0.037669",
          "6.637",
          "0.27877",
          "-0.01744",
          "0.37718",
          "0.30178",
          "-0.029929",
          "0.55372",
          "0.16464",
          "0.18133",
          "0.17711",
          "0.095598",
          "0.18117",
          "0.28601",
          "0.17636",
          "-0.074188",
          "0.13382",
          "0.13365",
          "-0.18761",
          "0.0031425",
          "0.046027",
          "-0.17127",
          "-0.016769",
          "-0.19175",
          "-0.34947",
          "0.42125",
          "0.13215"
        ],
        [
          "-0.13196",
          "-0.13155",
          "0.23843",
          "0.10812",
          "-0.04622",
          "-0.0037342",
          "0.053301",
          "0.31717",
          "-0.27575",
          "-0.037914",
          "0.08891",
          "-0.14266",
          "0.08363",
          "0.27877",
          "2.6311",
          "-0.20217",
          "-0.37658",
          "0.7432",
          "0.11826",
          "0.74098",
          "-0.034411",
          "0.53812",
          "0.045997",
          "-0.038301",
          "0.25871",
          "0.4436",
          "0.0052382",
          "-0.29436",
          "-0.12931",
          "0.20178",
          "-0.14005",
          "0.30503",
          "-0.0656",
          "-0.23201",
          "0.20915",
          "-0.041791",
          "0.079353",
          "-0.3358",
          "-0.18927"
        ],
        [
          "-0.14938",
          "0.09207",
          "-0.081884",
          "-0.31661",
          "0.21155",
          "0.093601",
          "-0.26008",
          "0.0086489",
          "0.058372",
          "0.088083",
          "-0.072575",
          "0.088771",
          "-0.20187",
          "-0.01744",
          "-0.20217",
          "2.4051",
          "-0.16272",
          "-0.22236",
          "1.0436",
          "-0.63455",
          "0.22711",
          "-0.11038",
          "0.17945",
          "0.069684",
          "0.62719",
          "0.072462",
          "0.17536",
          "0.023956",
          "-0.045219",
          "0.20718",
          "0.066944",
          "-0.0037382",
          "-0.01399",
          "-0.14214",
          "0.057115",
          "0.22032",
          "0.1148",
          "0.040701",
          "0.048997"
        ],
        [
          "0.14332",
          "0.1317",
          "-0.0088865",
          "0.026534",
          "0.13273",
          "-0.12117",
          "-0.0042649",
          "0.040504",
          "0.24745",
          "-0.014197",
          "-0.070363",
          "0.071883",
          "-0.12124",
          "0.37718",
          "-0.37658",
          "-0.16272",
          "1.9536",
          "0.092511",
          "-0.64344",
          "0.45731",
          "-0.16562",
          "-0.076904",
          "0.30127",
          "0.40864",
          "-0.28811",
          "0.18338",
          "-0.36695",
          "0.0018559",
          "-0.046136",
          "0.11189",
          "-0.2873",
          "-0.53811",
          "0.10328",
          "-0.10019",
          "-0.083661",
          "-0.035133",
          "0.16531",
          "-0.060159",
          "-0.024415"
        ],
        [
          "-0.17292",
          "-0.071611",
          "-0.085463",
          "-0.24511",
          "-0.080559",
          "-0.051826",
          "0.2256",
          "0.28141",
          "-0.44334",
          "-0.023954",
          "0.020524",
          "-0.19829",
          "0.0017691",
          "0.30178",
          "0.7432",
          "-0.22236",
          "0.092511",
          "2.0364",
          "0.0090721",
          "0.035937",
          "0.30153",
          "0.043682",
          "0.51265",
          "-0.31892",
          "0.40325",
          "0.018268",
          "0.07934",
          "-0.1335",
          "-0.36114",
          "-0.012773",
          "-0.14567",
          "-0.33544",
          "-0.20427",
          "0.00047259",
          "-0.1656",
          "0.059153",
          "0.013135",
          "-0.31087",
          "-0.063059"
        ],
        [
          "-0.17224",
          "0.19774",
          "0.063501",
          "-0.10974",
          "0.05938",
          "0.14977",
          "-0.10364",
          "-0.28623",
          "-0.25616",
          "0.12607",
          "-0.039142",
          "0.25762",
          "-0.033166",
          "-0.029929",
          "0.11826",
          "1.0436",
          "-0.64344",
          "0.0090721",
          "2.2317",
          "-0.32351",
          "-0.19449",
          "0.41261",
          "-0.049716",
          "-0.11969",
          "0.31153",
          "0.40616",
          "0.1454",
          "-0.17003",
          "0.073551",
          "0.18029",
          "0.13729",
          "0.19344",
          "-0.050666",
          "-0.30255",
          "-0.21722",
          "0.33096",
          "0.19781",
          "0.055781",
          "-0.15569"
        ],
        [
          "0.1059",
          "-0.08006",
          "0.25346",
          "0.0151",
          "-0.15454",
          "0.16795",
          "-0.068147",
          "-0.019059",
          "0.040449",
          "0.10193",
          "-0.026271",
          "0.12395",
          "0.030378",
          "0.55372",
          "0.74098",
          "-0.63455",
          "0.45731",
          "0.035937",
          "-0.32351",
          "2.366",
          "-0.37842",
          "-0.10347",
          "0.50013",
          "-0.23928",
          "0.34962",
          "-0.0039769",
          "-0.3325",
          "0.033437",
          "0.050804",
          "-0.032553",
          "0.21561",
          "-0.079672",
          "-0.052688",
          "0.10216",
          "0.096205",
          "-0.04422",
          "0.024122",
          "-0.16955",
          "0.066571"
        ],
        [
          "-0.069502",
          "0.074619",
          "-0.03576",
          "-0.22867",
          "-0.054306",
          "0.35554",
          "-0.17381",
          "0.083002",
          "-0.056852",
          "0.097088",
          "0.13075",
          "-0.1077",
          "-0.24273",
          "0.16464",
          "-0.034411",
          "0.22711",
          "-0.16562",
          "0.30153",
          "-0.19449",
          "-0.37842",
          "1.9005",
          "-0.23215",
          "-0.31627",
          "-0.011494",
          "-0.37693",
          "0.342",
          "0.13301",
          "0.45634",
          "0.044783",
          "-0.053784",
          "0.19016",
          "0.17666",
          "-0.077799",
          "0.074136",
          "0.015793",
          "0.15609",
          "0.049233",
          "0.17606",
          "-0.21437"
        ],
        [
          "-0.13186",
          "0.043186",
          "-0.11162",
          "-0.089954",
          "-0.080566",
          "-0.048297",
          "-0.04724",
          "-0.22185",
          "0.14686",
          "0.045685",
          "-0.026181",
          "0.07955",
          "-0.001455",
          "0.18133",
          "0.53812",
          "-0.11038",
          "-0.076904",
          "0.043682",
          "0.41261",
          "-0.10347",
          "-0.23215",
          "1.9699",
          "-0.25366",
          "-0.46754",
          "0.38358",
          "0.075154",
          "0.071399",
          "-0.090813",
          "0.046078",
          "0.20319",
          "-0.033427",
          "0.36024",
          "-0.099205",
          "-0.0017038",
          "0.20348",
          "-0.11702",
          "0.23639",
          "-0.2151",
          "-0.24484"
        ],
        [
          "-0.05898",
          "0.18302",
          "-0.012175",
          "-0.35013",
          "0.00344",
          "-0.29901",
          "0.19994",
          "0.075979",
          "-0.21736",
          "0.02975",
          "-0.21747",
          "0.31816",
          "0.1279",
          "0.17711",
          "0.045997",
          "0.17945",
          "0.30127",
          "0.51265",
          "-0.049716",
          "0.50013",
          "-0.31627",
          "-0.25366",
          "2.2327",
          "-0.71529",
          "0.34269",
          "-0.086348",
          "0.33737",
          "-0.0017739",
          "-0.24756",
          "0.13255",
          "-0.054593",
          "-0.48544",
          "0.28043",
          "-0.024018",
          "0.063353",
          "0.067191",
          "0.38539",
          "-0.43589",
          "0.27291"
        ],
        [
          "0.028996",
          "-0.086418",
          "0.15342",
          "0.30544",
          "0.14376",
          "-0.083246",
          "0.20691",
          "0.13766",
          "0.16147",
          "0.035591",
          "-0.12079",
          "-0.063177",
          "-0.12583",
          "0.095598",
          "-0.038301",
          "0.069684",
          "0.40864",
          "-0.31892",
          "-0.11969",
          "-0.23928",
          "-0.011494",
          "-0.46754",
          "-0.71529",
          "2.2635",
          "-1.148",
          "-0.097781",
          "0.059655",
          "-0.14604",
          "0.049116",
          "0.016407",
          "0.0004704",
          "-0.085103",
          "0.087426",
          "-0.06291",
          "-0.049232",
          "-0.31407",
          "-0.12177",
          "0.26743",
          "-0.017945"
        ],
        [
          "0.12493",
          "0.032671",
          "-0.30064",
          "-0.24586",
          "0.14127",
          "-0.052447",
          "-0.17662",
          "0.0087626",
          "-0.048715",
          "0.02435",
          "0.013146",
          "0.019717",
          "-0.11136",
          "0.18117",
          "0.25871",
          "0.62719",
          "-0.28811",
          "0.40325",
          "0.31153",
          "0.34962",
          "-0.37693",
          "0.38358",
          "0.34269",
          "-1.148",
          "2.7838",
          "-0.5341",
          "-0.091167",
          "0.18899",
          "-0.1831",
          "-0.1108",
          "0.071012",
          "0.026245",
          "0.027811",
          "-0.07962",
          "0.31861",
          "0.46497",
          "-0.094132",
          "-0.19552",
          "-0.35936"
        ],
        [
          "-0.025114",
          "-0.069315",
          "0.031585",
          "0.11297",
          "-0.1748",
          "-0.25662",
          "-0.10249",
          "0.1858",
          "0.010208",
          "0.010016",
          "0.31831",
          "0.11876",
          "-0.015997",
          "0.28601",
          "0.4436",
          "0.072462",
          "0.18338",
          "0.018268",
          "0.40616",
          "-0.0039769",
          "0.342",
          "0.075154",
          "-0.086348",
          "-0.097781",
          "-0.5341",
          "1.9059",
          "-0.059357",
          "-0.060198",
          "-0.11628",
          "0.22209",
          "0.032015",
          "-0.076268",
          "-0.029074",
          "0.18994",
          "0.19794",
          "-0.17906",
          "0.1881",
          "0.22778",
          "-0.095604"
        ],
        [
          "1.1215",
          "-0.25614",
          "0.014045",
          "-0.26724",
          "-0.07586",
          "0.081658",
          "-0.082669",
          "0.31193",
          "0.069539",
          "-0.26739",
          "0.19057",
          "-0.13785",
          "0.33178",
          "0.17636",
          "0.0052382",
          "0.17536",
          "-0.36695",
          "0.07934",
          "0.1454",
          "-0.3325",
          "0.13301",
          "0.071399",
          "0.33737",
          "0.059655",
          "-0.091167",
          "-0.059357",
          "5.9181",
          "0.08806",
          "-0.11332",
          "0.34361",
          "0.11894",
          "-0.015564",
          "0.38671",
          "0.29561",
          "0.452",
          "-0.085215",
          "0.36937",
          "0.12569",
          "0.24727"
        ],
        [
          "-0.11722",
          "0.88838",
          "-0.17682",
          "-0.19046",
          "0.096139",
          "-0.075439",
          "0.10133",
          "0.00027917",
          "-0.10996",
          "-0.05242",
          "-0.10351",
          "0.060855",
          "0.02835",
          "-0.074188",
          "-0.29436",
          "0.023956",
          "0.0018559",
          "-0.1335",
          "-0.17003",
          "0.033437",
          "0.45634",
          "-0.090813",
          "-0.0017739",
          "-0.14604",
          "0.18899",
          "-0.060198",
          "0.08806",
          "2.5723",
          "-0.2542",
          "-0.46045",
          "0.69054",
          "-0.21076",
          "0.70082",
          "0.083922",
          "0.28161",
          "-0.041245",
          "0.072132",
          "0.24355",
          "0.23934"
        ],
        [
          "0.21588",
          "-0.17038",
          "1.2777",
          "-0.13662",
          "-0.30526",
          "0.23022",
          "-0.53101",
          "0.060319",
          "-0.34143",
          "0.13547",
          "-0.014945",
          "0.13914",
          "-0.0221",
          "0.13382",
          "-0.12931",
          "-0.045219",
          "-0.046136",
          "-0.36114",
          "0.073551",
          "0.050804",
          "0.044783",
          "0.046078",
          "-0.24756",
          "0.049116",
          "-0.1831",
          "-0.11628",
          "-0.11332",
          "-0.2542",
          "2.6141",
          "-0.25919",
          "-0.56003",
          "1.0452",
          "-0.58735",
          "0.21683",
          "-0.50289",
          "0.11287",
          "0.053324",
          "0.63012",
          "0.22666"
        ],
        [
          "0.0085898",
          "-0.069111",
          "0.010886",
          "1.2354",
          "-0.031811",
          "-0.28498",
          "0.073013",
          "-0.29457",
          "0.093573",
          "0.17292",
          "0.1115",
          "0.0066094",
          "0.0071882",
          "0.13365",
          "0.20178",
          "0.20718",
          "0.11189",
          "-0.012773",
          "0.18029",
          "-0.032553",
          "-0.053784",
          "0.20319",
          "0.13255",
          "0.016407",
          "-0.1108",
          "0.22209",
          "0.34361",
          "-0.46045",
          "-0.25919",
          "2.4629",
          "0.061071",
          "-0.61428",
          "0.4593",
          "-0.16819",
          "0.19482",
          "0.18356",
          "0.47856",
          "-0.23375",
          "-0.0053651"
        ],
        [
          "-0.011486",
          "0.017711",
          "-0.40225",
          "0.16683",
          "1.2355",
          "-0.10253",
          "-0.21392",
          "0.18117",
          "-0.29137",
          "0.19661",
          "-0.33311",
          "0.095319",
          "-0.24719",
          "-0.18761",
          "-0.14005",
          "0.066944",
          "-0.2873",
          "-0.14567",
          "0.13729",
          "0.21561",
          "0.19016",
          "-0.033427",
          "-0.054593",
          "0.0004704",
          "0.071012",
          "0.032015",
          "0.11894",
          "0.69054",
          "-0.56003",
          "0.061071",
          "2.6895",
          "-0.11936",
          "-0.12491",
          "0.48201",
          "-0.092578",
          "0.55121",
          "-0.46458",
          "0.491",
          "-0.16901"
        ],
        [
          "0.11822",
          "-0.05861",
          "0.062882",
          "-0.41751",
          "0.085095",
          "1.6026",
          "-0.065648",
          "-0.48942",
          "-0.061319",
          "0.017193",
          "0.00025552",
          "-0.1155",
          "0.2145",
          "0.0031425",
          "0.30503",
          "-0.0037382",
          "-0.53811",
          "-0.33544",
          "0.19344",
          "-0.079672",
          "0.17666",
          "0.36024",
          "-0.48544",
          "-0.085103",
          "0.026245",
          "-0.076268",
          "-0.015564",
          "-0.21076",
          "1.0452",
          "-0.61428",
          "-0.11936",
          "3.091",
          "-0.30538",
          "-0.54004",
          "0.23826",
          "0.0048824",
          "-0.1268",
          "0.20687",
          "0.35078"
        ],
        [
          "-0.062266",
          "0.18873",
          "-0.10799",
          "0.022242",
          "-0.36252",
          "-0.079943",
          "1.7343",
          "-0.022479",
          "-0.60258",
          "0.20165",
          "-0.093427",
          "0.23354",
          "-0.062813",
          "0.046027",
          "-0.0656",
          "-0.01399",
          "0.10328",
          "-0.20427",
          "-0.050666",
          "-0.052688",
          "-0.077799",
          "-0.099205",
          "0.28043",
          "0.087426",
          "0.027811",
          "-0.029074",
          "0.38671",
          "0.70082",
          "-0.58735",
          "0.4593",
          "-0.12491",
          "-0.30538",
          "2.6435",
          "-0.46955",
          "-0.049427",
          "0.26767",
          "-0.04668",
          "0.41589",
          "-0.19235"
        ],
        [
          "-0.038053",
          "-0.60318",
          "0.33146",
          "-0.018808",
          "-0.17077",
          "-0.42103",
          "-0.14978",
          "1.5843",
          "-0.15541",
          "-0.16757",
          "0.044728",
          "-0.40302",
          "0.21063",
          "-0.17127",
          "-0.23201",
          "-0.14214",
          "-0.10019",
          "0.00047259",
          "-0.30255",
          "0.10216",
          "0.074136",
          "-0.0017038",
          "-0.024018",
          "-0.06291",
          "-0.07962",
          "0.18994",
          "0.29561",
          "0.083922",
          "0.21683",
          "-0.16819",
          "0.48201",
          "-0.54004",
          "-0.46955",
          "2.5373",
          "-0.19314",
          "-0.36716",
          "0.061678",
          "-0.42554",
          "0.3974"
        ],
        [
          "0.12489",
          "0.063872",
          "-0.36112",
          "0.0031332",
          "-0.24533",
          "-0.060724",
          "-0.14468",
          "-0.095886",
          "1.569",
          "-0.14522",
          "-0.25514",
          "0.13692",
          "-0.28248",
          "-0.016769",
          "0.20915",
          "0.057115",
          "-0.083661",
          "-0.1656",
          "-0.21722",
          "0.096205",
          "0.015793",
          "0.20348",
          "0.063353",
          "-0.049232",
          "0.31861",
          "0.19794",
          "0.452",
          "0.28161",
          "-0.50289",
          "0.19482",
          "-0.092578",
          "0.23826",
          "-0.049427",
          "-0.19314",
          "2.3294",
          "-0.39545",
          "-0.37965",
          "0.31096",
          "-0.28485"
        ],
        [
          "-0.081805",
          "-0.15056",
          "0.22762",
          "-0.15722",
          "-0.12964",
          "0.027828",
          "-0.0065959",
          "-0.2038",
          "-0.23172",
          "1.2553",
          "-0.22527",
          "-0.11847",
          "-0.0061782",
          "-0.19175",
          "-0.041791",
          "0.22032",
          "-0.035133",
          "0.059153",
          "0.33096",
          "-0.04422",
          "0.15609",
          "-0.11702",
          "0.067191",
          "-0.31407",
          "0.46497",
          "-0.17906",
          "-0.085215",
          "-0.041245",
          "0.11287",
          "0.18356",
          "0.55121",
          "0.0048824",
          "0.26767",
          "-0.36716",
          "-0.39545",
          "2.6549",
          "-0.72444",
          "0.097142",
          "0.09965"
        ],
        [
          "0.2767",
          "0.016625",
          "-0.20856",
          "-0.1344",
          "-0.00015648",
          "0.024394",
          "-0.1396",
          "-0.094207",
          "-0.2954",
          "0.13716",
          "1.5725",
          "0.11319",
          "-0.46661",
          "-0.34947",
          "0.079353",
          "0.1148",
          "0.16531",
          "0.013135",
          "0.19781",
          "0.024122",
          "0.049233",
          "0.23639",
          "0.38539",
          "-0.12177",
          "-0.094132",
          "0.1881",
          "0.36937",
          "0.072132",
          "0.053324",
          "0.47856",
          "-0.46458",
          "-0.1268",
          "-0.04668",
          "0.061678",
          "-0.37965",
          "-0.72444",
          "2.9308",
          "-1.0356",
          "-0.49667"
        ],
        [
          "0.091521",
          "-0.18912",
          "0.048852",
          "-0.099734",
          "-0.31458",
          "-0.43229",
          "0.22205",
          "-0.13267",
          "0.16278",
          "-0.26286",
          "0.0022293",
          "1.427",
          "-0.31094",
          "0.42125",
          "-0.3358",
          "0.040701",
          "-0.060159",
          "-0.31087",
          "0.055781",
          "-0.16955",
          "0.17606",
          "-0.2151",
          "-0.43589",
          "0.26743",
          "-0.19552",
          "0.22778",
          "0.12569",
          "0.24355",
          "0.63012",
          "-0.23375",
          "0.491",
          "0.20687",
          "0.41589",
          "-0.42554",
          "0.31096",
          "0.097142",
          "-1.0356",
          "3.6539",
          "-0.40825"
        ],
        [
          "-0.084141",
          "-0.1084",
          "-0.15127",
          "-0.22421",
          "-0.33703",
          "0.0040446",
          "-0.2308",
          "-0.080122",
          "-0.17976",
          "0.0057686",
          "-0.59528",
          "-0.34442",
          "1.7196",
          "0.13215",
          "-0.18927",
          "0.048997",
          "-0.024415",
          "-0.063059",
          "-0.15569",
          "0.066571",
          "-0.21437",
          "-0.24484",
          "0.27291",
          "-0.017945",
          "-0.35936",
          "-0.095604",
          "0.24727",
          "0.23934",
          "0.22666",
          "-0.0053651",
          "-0.16901",
          "0.35078",
          "-0.19235",
          "0.3974",
          "-0.28485",
          "0.09965",
          "-0.49667",
          "-0.40825",
          "2.6191"
        ]
      ],
      [
        [
          "9.9959",
          "-0.054316",
          "0.0034283",
          "0.020835",
          "0.0015479",
          "0.047787",
          "0.040577",
          "-0.027684",
          "0.01679",
          "0.0098929",
          "0.016959",
          "-0.01538",
          "0.021608",
          "0.0013319",
          "0.04898",
          "-0.035645",
          "-0.005523",
          "-0.058004",
          "-0.030992",
          "0.044537",
          "-0.0073825",
          "0.017991",
          "0.02805",
          "-0.048031",
          "-0.049124",
          "-0.0062761",
          "0.0011913",
          "-0.032247",
          "-0.023138",
          "-0.048989",
          "0.031972",
          "-0.051745",
          "-0.056203",
          "0.029414",
          "0.017674",
          "-0.0064794",
          "-0.0014259",
          "0.046835",
          "0.00077328"
        ],
        [
          "-0.054316",
          "8.3034",
          "-0.91108",
          "-0.35351",
          "0.27561",
          "1.226",
          "0.7052",
          "0.13797",
          "0.11512",
          "0.25383",
          "0.25529",
          "0.097486",
          "0.70734",
          "0.056765",
          "1.1341",
          "-0.8517",
          "-1.1837",
          "-0.68426",
          "-1.1006",
          "-0.019722",
          "0.16761",
          "0.22735",
          "-0.051764",
          "-1.0721",
          "-0.26775",
          "0.091464",
          "-0.035836",
          "-0.10584",
          "0.94948",
          "-0.143",
          "0.38051",
          "-1.2736",
          "-0.29168",
          "0.14414",
          "0.39602",
          "0.052502",
          "0.34485",
          "0.20662",
          "-0.46873"
        ],
        [
          "0.0034283",
          "-0.91108",
          "8.9765",
          "-0.63558",
          "0.26901",
          "0.83134",
          "-0.022856",
          "0.73237",
          "0.037893",
          "0.10322",
          "0.051741",
          "0.42633",
          "0.18792",
          "0.023958",
          "0.47054",
          "0.041044",
          "-1.0505",
          "0.055005",
