[
  {
    "mu": [
      [
        "2.4981",
        "-0.58995",
        "-1.4632",
        "-0.72251",
        "-1.6332",
        "-0.404",
        "-1.6173",
        "0.17195",
        "-1.4028",
        "0.50682",
        "-1.6683",
        "0.5577",
        "-1.5193",
        "-0.62925",
        "0.40114",
        "-0.75022",
        "-0.027135",
        "-0.98007",
        "-0.27996",
        "-1.0931",
        "-0.23079",
        "-0.97576",
        "-0.014738",
        "-0.87531",
        "-0.18859",
        "-0.96271",
        "-2.2279",
        "0.79069",
        "1.5737",
        "0.95492",
        "1.7296",
        "0.52718",
        "1.7523",
        "-0.017328",
        "1.5426",
        "-0.38583",
        "1.6693",
        "-0.50755",
        "1.4679"
      ],
      [
        "-0.132",
        "0.58595",
        "-0.65046",
        "0.32555",
        "-1.0439",
        "-0.046511",
        "-0.98672",
        "0.30842",
        "-0.88235",
        "0.36297",
        "-0.85494",
        "0.24713",
        "-0.86718",
        "-0.76633",
        "0.79399",
        "0.94527",
        "0.73638",
        "0.64243",
        "0.21629",
        "0.40864",
        "-0.27996",
        "0.61104",
        "-0.15899",
        "0.73153",
        "-0.35862",
        "0.4596",
        "0.3431",
        "-0.68967",
        "0.28382",
        "-0.31134",
        "0.63591",
        "-0.029673",
        "0.64392",
        "-0.16058",
        "0.48585",
        "-0.24731",
        "0.40716",
        "-0.17671",
        "0.38506"
      ],
      [
        "0.57078",
        "-1.1129",
        "-0.56177",
        "-0.88799",
        "-0.51725",
        "-0.85572",
        "-0.37546",
        "-0.15945",
        "-0.66504",
        "0.049702",
        "-0.53162",
        "0.3943",
        "-0.55655",
        "0.70296",
        "0.033825",
        "-1.3802",
        "-0.33658",
        "-1.6939",
        "-0.63346",
        "-1.7773",
        "-0.21056",
        "-1.6068",
        "-0.14009",
        "-1.5101",
        "0.20225",
        "-1.2416",
        "-0.57265",
        "1.2456",
        "0.91817",
        "0.87524",
        "0.6283",
        "0.75167",
        "0.45651",
        "0.015722",
        "0.75554",
        "-0.076126",
        "0.65369",
        "-0.36755",
        "0.69531"
      ],
      [
        "-0.27667",
        "0.13864",
        "0.34357",
        "0.14008",
        "0.40442",
        "0.14288",
        "0.40402",
        "-0.01596",
        "0.4007",
        "-0.052729",
        "0.43069",
        "-0.093961",
        "0.40874",
        "0.10155",
        "-0.10772",
        "0.13059",
        "-0.051751",
        "0.16563",
        "0.0099511",
        "0.1901",
        "0.023153",
        "0.14594",
        "0.0196",
        "0.10955",
        "0.010841",
        "0.11065",
        "0.12778",
        "-0.10125",
        "-0.24364",
        "-0.11725",
        "-0.23823",
        "-0.082379",
        "-0.23877",
        "0.015822",
        "-0.24138",
        "0.032795",
        "-0.24553",
        "0.068526",
        "-0.22397"
      ],
      [
        "-0.122",
        "-0.42583",
        "-0.28932",
        "-0.21858",
        "-0.21421",
        "-0.11302",
        "-0.36491",
        "-0.22466",
        "-0.42374",
        "-0.39471",
        "-0.54484",
        "-0.24603",
        "-0.47567",
        "0.10058",
        "-0.36853",
        "-0.45403",
        "-0.1613",
        "-0.037353",
        "0.29797",
        "0.16045",
        "0.41246",
        "0.070637",
        "0.12084",
        "0.066394",
        "0.29493",
        "0.22916",
        "0.72298",
        "0.055447",
        "-0.31121",
        "-0.10592",
        "-0.63296",
        "-0.24261",
        "-0.54998",
        "0.05586",
        "-0.40701",
        "0.34411",
        "-0.3294",
        "0.29548",
        "-0.33487"
      ]
    ]
  },
  {
    "InversedSigmas": [
      [
        [
          "1.7502",
          "0.32467",
          "0.28295",
          "0.47517",
          "-0.068751",
          "0.26993",
          "0.060755",
          "-0.020165",
          "0.023063",
          "-0.064735",
          "0.23255",
          "0.071133",
          "0.027666",
          "0.036144",
          "0.085148",
          "0.089154",
          "0.027827",
          "0.021134",
          "-0.032163",
          "0.044804",
          "-0.018459",
          "-0.053503",
          "-0.023311",
          "-0.0014262",
          "0.042097",
          "-0.030317",
          "1.8174",
          "0.36934",
          "0.13816",
          "0.34533",
          "0.047532",
          "0.01308",
          "0.068505",
          "-0.037527",
          "-0.023894",
          "-0.002533",
          "0.21887",
          "0.066195",
          "0.015465"
        ],
        [
          "0.32467",
          "2.9006",
          "0.4251",
          "-0.4956",
          "0.51415",
          "-0.30206",
          "0.33016",
          "0.16352",
          "0.55917",
          "-0.024117",
          "0.0048909",
          "0.087047",
          "0.073401",
          "0.048107",
          "-0.33773",
          "-0.086607",
          "0.057553",
          "0.31352",
          "-0.030989",
          "-0.15082",
          "-0.073885",
          "0.035361",
          "0.1178",
          "0.069581",
          "0.0013824",
          "-0.040403",
          "0.15306",
          "2.0207",
          "0.32395",
          "-0.45192",
          "0.0099898",
          "-0.30783",
          "0.11507",
          "0.19863",
          "0.058806",
          "-0.14943",
          "-0.081627",
          "0.060312",
          "-0.20331"
        ],
        [
          "0.28295",
          "0.4251",
          "3.9084",
          "0.16566",
          "-0.67528",
          "0.91555",
          "-0.39028",
          "0.37149",
          "-0.4481",
          "0.46831",
          "0.036475",
          "0.25813",
          "0.34604",
          "-0.045746",
          "0.036543",
          "-0.0047857",
          "-0.044256",
          "-0.070482",
          "-0.37566",
          "-0.10723",
          "0.17269",
          "0.042329",
          "-0.15104",
          "-0.076497",
          "0.10164",
          "0.18243",
          "0.054404",
          "0.20687",
          "2.1782",
          "0.026118",
          "-0.79427",
          "0.13677",
          "-0.24715",
          "0.28083",
          "-0.33587",
          "0.025279",
          "0.04035",
          "0.34917",
          "-0.040096"
        ],
        [
          "0.47517",
          "-0.4956",
          "0.16566",
          "2.9482",
          "0.18435",
          "-0.30813",
          "0.64829",
          "-0.42475",
          "0.51786",
          "-0.19929",
          "0.5134",
          "-0.066368",
          "0.19125",
          "-0.044272",
          "0.044103",
          "-0.062727",
          "-0.25881",
          "-0.26656",
          "0.026119",
          "0.02562",
          "0.061705",
          "-0.13481",
          "0.061258",
          "-0.093021",
          "-0.16767",
          "0.2683",
          "0.22139",
          "-0.46274",
          "0.25639",
          "1.8051",
          "0.091849",
          "-0.7094",
          "0.30297",
          "-0.01121",
          "-0.040334",
          "0.10588",
          "0.13372",
          "0.20328",
          "0.040141"
        ],
        [
          "-0.068751",
          "0.51415",
          "-0.67528",
          "0.18435",
          "4.4253",
          "-0.16489",
          "-0.73936",
          "0.86255",
          "-0.43792",
          "0.19868",
          "0.070076",
          "0.032155",
          "0.15171",
          "-0.10198",
          "-0.14945",
          "-0.12483",
          "-0.25431",
          "-0.18261",
          "0.19149",
          "0.032889",
          "0.039656",
          "0.067655",
          "0.040356",
          "0.013398",
          "0.021333",
          "-0.014831",
          "-0.095217",
          "0.20387",
          "-0.36093",
          "0.14408",
          "2.2805",
          "-0.20393",
          "-0.2343",
          "0.33755",
          "-0.38398",
          "0.080915",
          "-0.25394",
          "0.18484",
          "-0.19409"
        ],
        [
          "0.26993",
          "-0.30206",
          "0.91555",
          "-0.30813",
          "-0.16489",
          "3.0706",
          "-0.02621",
          "-0.48991",
          "0.41606",
          "-0.1559",
          "0.51592",
          "-0.36528",
          "0.43828",
          "-0.0081196",
          "0.097641",
          "0.1256",
          "0.068912",
          "-0.081345",
          "-0.14525",
          "-0.11256",
          "0.041445",
          "-0.025454",
          "0.070438",
          "-0.1655",
          "-0.14552",
          "0.1199",
          "0.091212",
          "-0.11527",
          "0.50246",
          "-0.51726",
          "-0.038605",
          "1.8434",
          "-0.162",
          "-0.50069",
          "0.030789",
          "-0.16577",
          "0.2357",
          "0.041139",
          "-0.1107"
        ],
        [
          "0.060755",
          "0.33016",
          "-0.39028",
          "0.64829",
          "-0.73936",
          "-0.02621",
          "4.0665",
          "-0.17153",
          "-0.26387",
          "0.32328",
          "-0.4118",
          "0.17873",
          "-0.2915",
          "0.013198",
          "-0.31742",
          "-0.011446",
          "0.014854",
          "0.11372",
          "-0.069893",
          "-0.1404",
          "0.12715",
          "0.20955",
          "0.039083",
          "-0.29187",
          "-0.028396",
          "0.13851",
          "-0.0065211",
          "0.2954",
          "-0.30766",
          "0.35702",
          "-0.3928",
          "-0.081096",
          "2.065",
          "-0.0072183",
          "-0.23866",
          "-0.00086045",
          "-0.080958",
          "0.19864",
          "-0.54543"
        ],
        [
          "-0.020165",
          "0.16352",
          "0.37149",
          "-0.42475",
          "0.86255",
          "-0.48991",
          "-0.17153",
          "2.6134",
          "-0.19943",
          "-0.3585",
          "0.19971",
          "-0.25082",
          "0.36238",
          "-0.12363",
          "0.042951",
          "0.22296",
          "-0.029333",
          "-0.14883",
          "0.10309",
          "-0.14981",
          "0.073437",
          "0.077439",
          "-0.17493",
          "-0.17671",
          "0.25435",
          "0.022894",
          "-0.077985",
          "0.057472",
          "0.17289",
          "-0.035961",
          "0.25985",
          "-0.39558",
          "-0.1362",
          "1.7051",
          "-0.13823",
          "-0.195",
          "0.43528",
          "-0.40762",
          "-0.074719"
        ],
        [
          "0.023063",
          "0.55917",
          "-0.4481",
          "0.51786",
          "-0.43792",
          "0.41606",
          "-0.26387",
          "-0.19943",
          "3.904",
          "-0.58059",
          "-0.61994",
          "0.41651",
          "-0.47533",
          "-0.054882",
          "-0.12121",
          "-0.22514",
          "0.10327",
          "-0.12908",
          "0.16811",
          "0.014715",
          "-0.27421",
          "-0.040993",
          "0.098435",
          "-0.19434",
          "-0.1034",
          "0.18281",
          "-0.094534",
          "0.12728",
          "-0.048046",
          "-0.041527",
          "-0.35512",
          "0.35717",
          "-0.45564",
          "-0.07463",
          "2.1333",
          "-0.11015",
          "-0.46299",
          "0.28198",
          "-0.3482"
        ],
        [
          "-0.064735",
          "-0.024117",
          "0.46831",
          "-0.19929",
          "0.19868",
          "-0.1559",
          "0.32328",
          "-0.3585",
          "-0.58059",
          "2.23",
          "-0.28508",
          "-0.25399",
          "0.15482",
          "-0.065192",
          "0.19084",
          "-0.16743",
          "0.076319",
          "-0.075992",
          "-0.037834",
          "0.13588",
          "0.078359",
          "0.031695",
          "-0.094096",
          "-0.017745",
          "0.10599",
          "0.025265",
          "-0.08563",
          "0.10028",
          "0.23421",
          "-0.20727",
          "0.050509",
          "-0.093362",
          "0.36936",
          "-0.46511",
          "-0.32629",
          "1.4806",
          "-0.21912",
          "-0.2551",
          "-0.020309"
        ],
        [
          "0.23255",
          "0.0048909",
          "0.036475",
          "0.5134",
          "0.070076",
          "0.51592",
          "-0.4118",
          "0.19971",
          "-0.61994",
          "-0.28508",
          "4.0555",
          "-0.25887",
          "-0.50561",
          "-0.0074745",
          "0.05684",
          "0.31939",
          "-0.2257",
          "-0.17609",
          "0.17797",
          "-0.23023",
          "-0.0030238",
          "0.048997",
          "-0.031313",
          "0.074894",
          "-0.16395",
          "-0.12773",
          "-0.077684",
          "-0.054521",
          "0.31758",
          "0.036458",
          "-0.076412",
          "-0.22063",
          "-0.24709",
          "0.29469",
          "-0.88129",
          "-0.22078",
          "1.9858",
          "0.197",
          "-0.53942"
        ],
        [
          "0.071133",
          "0.087047",
          "0.25813",
          "-0.066368",
          "0.032155",
          "-0.36528",
          "0.17873",
          "-0.25082",
          "0.41651",
          "-0.25399",
          "-0.25887",
          "2.5417",
          "-0.39465",
          "0.085375",
          "-0.2869",
          "-0.16134",
          "-0.0064144",
          "0.11944",
          "0.23977",
          "-0.075624",
          "0.0060302",
          "0.057069",
          "-0.21276",
          "0.10428",
          "-0.044994",
          "0.080646",
          "0.25388",
          "-0.091535",
          "-0.1401",
          "-0.066508",
          "0.099678",
          "0.12584",
          "0.1419",
          "-0.17109",
          "0.43379",
          "-0.39703",
          "-0.23957",
          "1.7397",
          "-0.078251"
        ],
        [
          "0.027666",
          "0.073401",
          "0.34604",
          "0.19125",
          "0.15171",
          "0.43828",
          "-0.2915",
          "0.36238",
          "-0.47533",
          "0.15482",
          "-0.50561",
          "-0.39465",
          "3.3154",
          "-0.0090041",
          "0.065421",
          "0.099196",
          "-0.071429",
          "0.020915",
          "0.0068157",
          "-0.23264",
          "0.12046",
          "0.027633",
          "0.055127",
          "-0.018559",
          "-0.10328",
          "0.065195",
          "-0.097143",
          "-0.23167",
          "0.031206",
          "0.14843",
          "-0.35152",
          "0.12873",
          "-0.1799",
          "-0.031875",
          "-0.018252",
          "0.040438",
          "-0.47621",
          "-0.323",
          "1.7133"
        ],
        [
          "0.036144",
          "0.048107",
          "-0.045746",
          "-0.044272",
          "-0.10198",
          "-0.0081196",
          "0.013198",
          "-0.12363",
          "-0.054882",
          "-0.065192",
          "-0.0074745",
          "0.085375",
          "-0.0090041",
          "0.59182",
          "-0.14255",
          "0.098907",
          "0.32898",
          "0.16891",
          "0.20516",
          "0.10232",
          "0.057111",
          "0.18056",
          "-0.040226",
          "0.16015",
          "-0.19857",
          "0.034308",
          "0.072805",
          "0.036564",
          "-0.035685",
          "-0.021829",
          "0.10069",
          "-0.0025866",
          "-0.025584",
          "0.094599",
          "-0.012099",
          "-0.025799",
          "-0.088078",
          "0.023739",
          "0.076102"
        ],
        [
          "0.085148",
          "-0.33773",
          "0.036543",
          "0.044103",
          "-0.14945",
          "0.097641",
          "-0.31742",
          "0.042951",
          "-0.12121",
          "0.19084",
          "0.05684",
          "-0.2869",
          "0.065421",
          "-0.14255",
          "1.6686",
          "-0.35692",
          "-0.56326",
          "0.56297",
          "-0.4595",
          "0.048431",
          "0.22809",
          "-0.035624",
          "0.30901",
          "-0.2745",
          "0.053247",
          "-0.20473",
          "0.054215",
          "-0.066696",
          "-0.19845",
          "0.2617",
          "-0.33862",
          "-0.24836",
          "-0.13861",
          "-0.19832",
          "0.057715",
          "0.10663",
          "0.018894",
          "-0.4992",
          "0.28808"
        ],
        [
          "0.089154",
          "-0.086607",
          "-0.0047857",
          "-0.062727",
          "-0.12483",
          "0.1256",
          "-0.011446",
          "0.22296",
          "-0.22514",
          "-0.16743",
          "0.31939",
          "-0.16134",
          "0.099196",
          "0.098907",
          "-0.35692",
          "3.143",
          "-0.03943",
          "-0.84725",
          "0.31778",
          "-0.56411",
          "0.31083",
          "-0.3187",
          "0.24427",
          "-0.28954",
          "0.41883",
          "-0.41375",
          "-0.068143",
          "0.15227",
          "-0.045554",
          "-0.043925",
          "0.099884",
          "-0.27748",
          "-0.18957",
          "0.008482",
          "-0.26428",
          "-0.34114",
          "0.21347",
          "0.3156",
          "-0.15855"
        ],
        [
          "0.027827",
          "0.057553",
          "-0.044256",
          "-0.25881",
          "-0.25431",
          "0.068912",
          "0.014854",
          "-0.029333",
          "0.10327",
          "0.076319",
          "-0.2257",
          "-0.0064144",
          "-0.071429",
          "0.32898",
          "-0.56326",
          "-0.03943",
          "1.7662",
          "-0.28326",
          "-0.49501",
          "0.32605",
          "-0.47303",
          "0.31942",
          "0.024795",
          "-0.19854",
          "0.060102",
          "0.060046",
          "-0.075397",
          "-0.12002",
          "-0.1327",
          "-0.078979",
          "-0.050516",
          "-0.014925",
          "0.0026467",
          "0.075202",
          "-0.1362",
          "0.027458",
          "0.15035",
          "-0.023073",
          "-0.15105"
        ],
        [
          "0.021134",
          "0.31352",
          "-0.070482",
          "-0.26656",
          "-0.18261",
          "-0.081345",
          "0.11372",
          "-0.14883",
          "-0.12908",
          "-0.075992",
          "-0.17609",
          "0.11944",
          "0.020915",
          "0.16891",
          "0.56297",
          "-0.84725",
          "-0.28326",
          "3.4005",
          "-0.33547",
          "-1.1005",
          "0.52325",
          "-0.37148",
          "0.52145",
          "-0.42808",
          "-0.069698",
          "-0.22256",
          "0.040553",
          "0.27879",
          "-0.35326",
          "0.20991",
          "0.041674",
          "-0.20857",
          "0.13785",
          "-0.24314",
          "0.2262",
          "-0.16025",
          "-0.054511",
          "0.049074",
          "-0.096021"
        ],
        [
          "-0.032163",
          "-0.030989",
          "-0.37566",
          "0.026119",
          "0.19149",
          "-0.14525",
          "-0.069893",
          "0.10309",
          "0.16811",
          "-0.037834",
          "0.17797",
          "0.23977",
          "0.0068157",
          "0.20516",
          "-0.4595",
          "0.31778",
          "-0.49501",
          "-0.33547",
          "1.8624",
          "-0.15783",
          "-0.29361",
          "0.14097",
          "-0.20314",
          "0.36744",
          "-0.2978",
          "-0.1137",
          "-0.020809",
          "0.089081",
          "0.11436",
          "-0.15214",
          "0.18446",
          "0.075488",
          "0.025344",
          "0.11125",
          "0.12382",
          "0.27371",
          "-0.10036",
          "0.25767",
          "-0.12716"
        ],
        [
          "0.044804",
          "-0.15082",
          "-0.10723",
          "0.02562",
          "0.032889",
          "-0.11256",
          "-0.1404",
          "-0.14981",
          "0.014715",
          "0.13588",
          "-0.23023",
          "-0.075624",
          "-0.23264",
          "0.10232",
          "0.048431",
          "-0.56411",
          "0.32605",
          "-1.1005",
          "-0.15783",
          "3.1578",
          "-0.50735",
          "-0.80399",
          "0.067877",
          "-0.30715",
          "0.28767",
          "-0.3661",
          "0.17166",
          "0.037785",
          "-0.022125",
          "-0.17556",
          "-0.060072",
          "0.02703",
          "0.1818",
          "-0.095808",
          "-0.027022",
          "0.018622",
          "-0.19652",
          "-0.142",
          "0.28143"
        ],
        [
          "-0.018459",
          "-0.073885",
          "0.17269",
          "0.061705",
          "0.039656",
          "0.041445",
          "0.12715",
          "0.073437",
          "-0.27421",
          "0.078359",
          "-0.0030238",
          "0.0060302",
          "0.12046",
          "0.057111",
          "0.22809",
          "0.31083",
          "-0.47303",
          "0.52325",
          "-0.29361",
          "-0.50735",
          "1.4956",
          "-0.46575",
          "-0.28635",
          "0.17329",
          "-0.17667",
          "0.24941",
          "-0.04035",
          "0.030468",
          "0.023896",
          "0.09137",
          "0.11962",
          "0.051096",
          "0.10671",
          "0.020513",
          "-0.097321",
          "-0.037288",
          "-0.20507",
          "-0.01897",
          "0.10324"
        ],
        [
          "-0.053503",
          "0.035361",
          "0.042329",
          "-0.13481",
          "0.067655",
          "-0.025454",
          "0.20955",
          "0.077439",
          "-0.040993",
          "0.031695",
          "0.048997",
          "0.057069",
          "0.027633",
          "0.18056",
          "-0.035624",
          "-0.3187",
          "0.31942",
          "-0.37148",
          "0.14097",
          "-0.80399",
          "-0.46575",
          "2.6674",
          "-0.32024",
          "-0.57829",
          "0.20415",
          "-0.48239",
          "-0.022124",
          "-0.021832",
          "0.11321",
          "0.10509",
          "-0.029384",
          "-0.060237",
          "0.05272",
          "0.25148",
          "0.046604",
          "-0.11319",
          "-0.21229",
          "-0.0067802",
          "0.16387"
        ],
        [
          "-0.023311",
          "0.1178",
          "-0.15104",
          "0.061258",
          "0.040356",
          "0.070438",
          "0.039083",
          "-0.17493",
          "0.098435",
          "-0.094096",
          "-0.031313",
          "-0.21276",
          "0.055127",
          "-0.040226",
          "0.30901",
          "0.24427",
          "0.024795",
          "0.52145",
          "-0.20314",
          "0.067877",
          "-0.28635",
          "-0.32024",
          "1.3493",
          "-0.27551",
          "-0.23957",
          "-0.082239",
          "-0.18798",
          "0.09893",
          "-0.034932",
          "0.10793",
          "-0.0011597",
          "-0.36726",
          "0.039153",
          "-0.15642",
          "0.12964",
          "-0.10744",
          "-0.17469",
          "0.054565",
          "0.013769"
        ],
        [
          "-0.0014262",
          "0.069581",
          "-0.076497",
          "-0.093021",
          "0.013398",
          "-0.1655",
          "-0.29187",
          "-0.17671",
          "-0.19434",
          "-0.017745",
          "0.074894",
          "0.10428",
          "-0.018559",
          "0.16015",
          "-0.2745",
          "-0.28954",
          "-0.19854",
          "-0.42808",
          "0.36744",
          "-0.30715",
          "0.17329",
          "-0.57829",
          "-0.27551",
          "2.5674",
          "-0.42046",
          "-0.52581",
          "-0.055432",
          "0.065851",
          "0.076842",
          "-0.25722",
          "0.073277",
          "0.11761",
          "-0.099277",
          "-0.097488",
          "-0.0032742",
          "0.2794",
          "-0.017759",
          "-0.23815",
          "-0.18298"
        ],
        [
          "0.042097",
          "0.0013824",
          "0.10164",
          "-0.16767",
          "0.021333",
          "-0.14552",
          "-0.028396",
          "0.25435",
          "-0.1034",
          "0.10599",
          "-0.16395",
          "-0.044994",
          "-0.10328",
          "-0.19857",
          "0.053247",
          "0.41883",
          "0.060102",
          "-0.069698",
          "-0.2978",
          "0.28767",
          "-0.17667",
          "0.20415",
          "-0.23957",
          "-0.42046",
          "1.2529",
          "-0.48657",
          "0.18889",
          "0.17547",
          "-0.2595",
          "0.019143",
          "0.1115",
          "0.01859",
          "0.029017",
          "0.10124",
          "0.12023",
          "-0.12076",
          "0.20756",
          "-0.025443",
          "-0.098377"
        ],
        [
          "-0.030317",
          "-0.040403",
          "0.18243",
          "0.2683",
          "-0.014831",
          "0.1199",
          "0.13851",
          "0.022894",
          "0.18281",
          "0.025265",
          "-0.12773",
          "0.080646",
          "0.065195",
          "0.034308",
          "-0.20473",
          "-0.41375",
          "0.060046",
          "-0.22256",
          "-0.1137",
          "-0.3661",
          "0.24941",
          "-0.48239",
          "-0.082239",
          "-0.52581",
          "-0.48657",
          "2.1004",
          "-0.076097",
          "-0.11399",
          "0.043587",
          "0.060918",
          "0.097226",
          "0.20308",
          "-0.17902",
          "0.20567",
          "-0.056398",
          "0.12432",
          "-0.036775",
          "0.12461",
          "0.201"
        ],
        [
          "1.8174",
          "0.15306",
          "0.054404",
          "0.22139",
          "-0.095217",
          "0.091212",
          "-0.0065211",
          "-0.077985",
          "-0.094534",
          "-0.08563",
          "-0.077684",
          "0.25388",
          "-0.097143",
          "0.072805",
          "0.054215",
          "-0.068143",
          "-0.075397",
          "0.040553",
          "-0.020809",
          "0.17166",
          "-0.04035",
          "-0.022124",
          "-0.18798",
          "-0.055432",
          "0.18889",
          "-0.076097",
          "2.5445",
          "0.30308",
          "0.11697",
          "0.44033",
          "0.15482",
          "0.23016",
          "0.16045",
          "0.038274",
          "0.22404",
          "-0.027838",
          "0.20126",
          "0.034097",
          "0.153"
        ],
        [
          "0.36934",
          "2.0207",
          "0.20687",
          "-0.46274",
          "0.20387",
          "-0.11527",
          "0.2954",
          "0.057472",
          "0.12728",
          "0.10028",
          "-0.054521",
          "-0.091535",
          "-0.23167",
          "0.036564",
          "-0.066696",
          "0.15227",
          "-0.12002",
          "0.27879",
          "0.089081",
          "0.037785",
          "0.030468",
          "-0.021832",
          "0.09893",
          "0.065851",
          "0.17547",
          "-0.11399",
          "0.30308",
          "2.8149",
          "-0.19239",
          "-0.78154",
          "0.39096",
          "-0.51416",
          "0.1902",
          "0.34942",
          "0.029686",
          "0.14671",
          "-0.11186",
          "-0.046747",
          "-0.13968"
        ],
        [
          "0.13816",
          "0.32395",
          "2.1782",
          "0.25639",
          "-0.36093",
          "0.50246",
          "-0.30766",
          "0.17289",
          "-0.048046",
          "0.23421",
          "0.31758",
          "-0.1401",
          "0.031206",
          "-0.035685",
          "-0.19845",
          "-0.045554",
          "-0.1327",
          "-0.35326",
          "0.11436",
          "-0.022125",
          "0.023896",
          "0.11321",
          "-0.034932",
          "0.076842",
          "-0.2595",
          "0.043587",
          "0.11697",
          "-0.19239",
          "4.2321",
          "-0.13327",
          "-1.0787",
          "0.61544",
          "-0.57019",
          "0.4726",
          "-0.55682",
          "0.47105",
          "-0.11709",
          "0.42231",
          "-0.21034"
        ],
        [
          "0.34533",
          "-0.45192",
          "0.026118",
          "1.8051",
          "0.14408",
          "-0.51726",
          "0.35702",
          "-0.035961",
          "-0.041527",
          "-0.20727",
          "0.036458",
          "-0.066508",
          "0.14843",
          "-0.021829",
          "0.2617",
          "-0.043925",
          "-0.078979",
          "0.20991",
          "-0.15214",
          "-0.17556",
          "0.09137",
          "0.10509",
          "0.10793",
          "-0.25722",
          "0.019143",
          "0.060918",
          "0.44033",
          "-0.78154",
          "-0.13327",
          "2.7005",
          "-0.18444",
          "-1.008",
          "0.54894",
          "-0.30884",
          "0.1139",
          "-0.16106",
          "-0.12921",
          "0.067711",
          "0.12754"
        ],
        [
          "0.047532",
          "0.0099898",
          "-0.79427",
          "0.091849",
          "2.2805",
          "-0.038605",
          "-0.3928",
          "0.25985",
          "-0.35512",
          "0.050509",
          "-0.076412",
          "0.099678",
          "-0.35152",
          "0.10069",
          "-0.33862",
          "0.099884",
          "-0.050516",
          "0.041674",
          "0.18446",
          "-0.060072",
          "0.11962",
          "-0.029384",
          "-0.0011597",
          "0.073277",
          "0.1115",
          "0.097226",
          "0.15482",
          "0.39096",
          "-1.0787",
          "-0.18444",
          "3.8584",
          "-0.1004",
          "-0.88652",
          "0.50932",
          "-0.66015",
          "0.36454",
          "-0.33619",
          "0.15312",
          "-0.32486"
        ],
        [
          "0.01308",
          "-0.30783",
          "0.13677",
          "-0.7094",
          "-0.20393",
          "1.8434",
          "-0.081096",
          "-0.39558",
          "0.35717",
          "-0.093362",
          "-0.22063",
          "0.12584",
          "0.12873",
          "-0.0025866",
          "-0.24836",
          "-0.27748",
          "-0.014925",
          "-0.20857",
          "0.075488",
          "0.02703",
          "0.051096",
          "-0.060237",
          "-0.36726",
          "0.11761",
          "0.01859",
          "0.20308",
          "0.23016",
          "-0.51416",
          "0.61544",
          "-1.008",
          "-0.1004",
          "2.9917",
          "-0.35377",
          "-0.61231",
          "0.24599",
          "-0.06536",
          "0.064067",
          "0.012014",
          "-0.16471"
        ],
        [
          "0.068505",
          "0.11507",
          "-0.24715",
          "0.30297",
          "-0.2343",
          "-0.162",
          "2.065",
          "-0.1362",
          "-0.45564",
          "0.36936",
          "-0.24709",
          "0.1419",
          "-0.1799",
          "-0.025584",
          "-0.13861",
          "-0.18957",
          "0.0026467",
          "0.13785",
          "0.025344",
          "0.1818",
          "0.10671",
          "0.05272",
          "0.039153",
          "-0.099277",
          "0.029017",
          "-0.17902",
          "0.16045",
          "0.1902",
          "-0.57019",
          "0.54894",
          "-0.88652",
          "-0.35377",
          "3.2972",
          "-0.48517",
          "-0.64974",
          "0.28739",
          "-0.55321",
          "0.29493",
          "-0.41297"
        ],
        [
          "-0.037527",
          "0.19863",
          "0.28083",
          "-0.01121",
          "0.33755",
          "-0.50069",
          "-0.0072183",
          "1.7051",
          "-0.07463",
          "-0.46511",
          "0.29469",
          "-0.17109",
          "-0.031875",
          "0.094599",
          "-0.19832",
          "0.008482",
          "0.075202",
          "-0.24314",
          "0.11125",
          "-0.095808",
          "0.020513",
          "0.25148",
          "-0.15642",
          "-0.097488",
          "0.10124",
          "0.20567",
          "0.038274",
          "0.34942",
          "0.4726",
          "-0.30884",
          "0.50932",
          "-0.61231",
          "-0.48517",
          "2.5642",
          "-0.34682",
          "-0.351",
          "0.6108",
          "-0.33213",
          "0.16593"
        ],
        [
          "-0.023894",
          "0.058806",
          "-0.33587",
          "-0.040334",
          "-0.38398",
          "0.030789",
          "-0.23866",
          "-0.13823",
          "2.1333",
          "-0.32629",
          "-0.88129",
          "0.43379",
          "-0.018252",
          "-0.012099",
          "0.057715",
          "-0.26428",
          "-0.1362",
          "0.2262",
          "0.12382",
          "-0.027022",
          "-0.097321",
          "0.046604",
          "0.12964",
          "-0.0032742",
          "0.12023",
          "-0.056398",
          "0.22404",
          "0.029686",
          "-0.55682",
          "0.1139",
          "-0.66015",
          "0.24599",
          "-0.64974",
          "-0.34682",
          "3.4744",
          "-0.41567",
          "-0.74309",
          "0.27281",
          "-0.45196"
        ],
        [
          "-0.002533",
          "-0.14943",
          "0.025279",
          "0.10588",
          "0.080915",
          "-0.16577",
          "-0.00086045",
          "-0.195",
          "-0.11015",
          "1.4806",
          "-0.22078",
          "-0.39703",
          "0.040438",
          "-0.025799",
          "0.10663",
          "-0.34114",
          "0.027458",
          "-0.16025",
          "0.27371",
          "0.018622",
          "-0.037288",
          "-0.11319",
          "-0.10744",
          "0.2794",
          "-0.12076",
          "0.12432",
          "-0.027838",
          "0.14671",
          "0.47105",
          "-0.16106",
          "0.36454",
          "-0.06536",
          "0.28739",
          "-0.351",
          "-0.41567",
          "2.3749",
          "-0.36886",
          "-0.52639",
          "-0.067278"
        ],
        [
          "0.21887",
          "-0.081627",
          "0.04035",
          "0.13372",
          "-0.25394",
          "0.2357",
          "-0.080958",
          "0.43528",
          "-0.46299",
          "-0.21912",
          "1.9858",
          "-0.23957",
          "-0.47621",
          "-0.088078",
          "0.018894",
          "0.21347",
          "0.15035",
          "-0.054511",
          "-0.10036",
          "-0.19652",
          "-0.20507",
          "-0.21229",
          "-0.17469",
          "-0.017759",
          "0.20756",
          "-0.036775",
          "0.20126",
          "-0.11186",
          "-0.11709",
          "-0.12921",
          "-0.33619",
          "0.064067",
          "-0.55321",
          "0.6108",
          "-0.74309",
          "-0.36886",
          "3.1822",
          "-0.25667",
          "-0.81306"
        ],
        [
          "0.066195",
          "0.060312",
          "0.34917",
          "0.20328",
          "0.18484",
          "0.041139",
          "0.19864",
          "-0.40762",
          "0.28198",
          "-0.2551",
          "0.197",
          "1.7397",
          "-0.323",
          "0.023739",
          "-0.4992",
          "0.3156",
          "-0.023073",
          "0.049074",
          "0.25767",
          "-0.142",
          "-0.01897",
          "-0.0067802",
          "0.054565",
          "-0.23815",
          "-0.025443",
          "0.12461",
          "0.034097",
          "-0.046747",
          "0.42231",
          "0.067711",
          "0.15312",
          "0.012014",
          "0.29493",
          "-0.33213",
          "0.27281",
          "-0.52639",
          "-0.25667",
          "2.3164",
          "-0.39296"
        ],
        [
          "0.015465",
          "-0.20331",
          "-0.040096",
          "0.040141",
          "-0.19409",
          "-0.1107",
          "-0.54543",
          "-0.074719",
          "-0.3482",
          "-0.020309",
          "-0.53942",
          "-0.078251",
          "1.7133",
          "0.076102",
          "0.28808",
          "-0.15855",
          "-0.15105",
          "-0.096021",
          "-0.12716",
          "0.28143",
          "0.10324",
          "0.16387",
          "0.013769",
          "-0.18298",
          "-0.098377",
          "0.201",
          "0.153",
          "-0.13968",
          "-0.21034",
          "0.12754",
          "-0.32486",
          "-0.16471",
          "-0.41297",
          "0.16593",
          "-0.45196",
          "-0.067278",
          "-0.81306",
          "-0.39296",
          "2.8304"
        ]
      ],
      [
        [
          "8.1204",
          "0.32104",
          "0.39547",
          "0.29975",
          "0.41363",
          "0.38272",
          "0.3135",
          "0.26157",
          "0.10559",
          "-0.13976",
          "0.193",
          "-0.052581",
          "0.29062",
          "0.17031",
          "0.12184",
          "0.20451",
          "-0.063289",
          "0.24116",
          "0.10931",
          "-0.14365",
          "0.16919",
          "-0.059202",
          "-0.065535",
          "0.21136",
          "0.088991",
          "0.061412",
          "0.75451",
          "-0.064518",
          "0.13375",
          "0.052183",
          "-0.003669",
          "-0.061659",
          "-0.19767",
          "-0.0033874",
          "-0.12176",
          "0.026247",
          "0.014116",
          "0.037607",
          "-0.17441"
        ],
        [
          "0.32104",
          "4.1439",
          "-0.16838",
          "-0.77612",
          "0.69388",
          "-0.02941",
          "0.17653",
          "0.16417",
          "0.064406",
          "0.048057",
          "-0.0072219",
          "0.5123",
          "0.035186",
          "-0.1436",
          "0.10041",
          "-0.059448",
          "-0.4234",
          "0.12215",
          "0.085004",
          "-0.028111",
          "-0.18167",
          "0.021002",
          "-0.032826",
          "-0.25103",
          "0.033448",
          "-0.39962",
          "-0.39597",
          "0.99298",
          "-0.1149",
          "-0.012491",
          "-0.032009",
          "-0.43819",
          "0.040821",
          "0.0065309",
          "0.0054485",
          "-0.32355",
          "-0.21083",
          "0.09923",
          "-0.019079"
        ],
        [
          "0.39547",
          "-0.16838",
          "4.328",
          "-0.28723",
          "-0.85454",
          "1.2113",
          "-0.88147",
          "0.60967",
          "-0.22208",
          "0.35659",
          "-0.11286",
          "0.21812",
          "0.023019",
          "-0.33465",
          "-0.1068",
          "0.096658",
          "0.099947",
          "-0.1021",
          "-0.0056413",
          "-0.24832",
          "-0.046248",
